403
405
403
406
408
406
410
409
407
409
412
413
416
414
413
415
417
419
421
421
417
422
425
425
427
426
424
429
431
431
434
431
429
436
437
437
443
434
439
441
441
447
444
441
446
448
449
452
449
447
455
451
459
456
452
456
461
458
465
460
459
467
464
470
468
465
470
473
474
476
470
478
479
479
484
478
482
485
485
490
486
486
493
491
495
494
491
499
496
504
499
495
505
502
508
505
501
510
506
512
509
506
512
513
515
511
512
515
517
521
512
516
519
521
523
515
519
522
522
522
518
525
524
529
524
521
529
526
530
526
526
528
530
535
526
532
534
534
534
529
538
535
540
536
534
539
541
545
537
542
543
549
544
541
550
545
554
545
549
553
555
554
548
558
555
561
555
558
561
563
563
557
568
563
570
561
566
570
574
571
566
573
575
579
571
580
575
584
577
581
584
587
583
581
588
589
591
584
594
592
598
589
595
594
601
594
597
599
604
598
600
603
606
602
602
607
606
607
601
609
609
612
606
612
608
617
606
613
613
619
609
618
613
623
613
619
616
625
614
622
620
627
618
623
620
631
618
625
628
631
623
628
626
637
625
631
630
637
626
636
631
640
629
637
636
639
629
639
636
644
633
642
640
644
634
643
645
645
638
646
648
645
640
645
652
646
645
648
654
647
651
650
657
646
654
650
658
647
654
652
659
649
658
658
658
655
657
660
656
657
661
665
657
662
661
667
655
666
661
667
660
668
669
665
665
666
673
666
670
669
675
664
674
667
674
668
675
677
672
673
675
682
671
677
675
682
673
681
680
679
676
680
688
679
685
681
688
677
687
689
686
684
688
696
684
692
686
695
687
695
696
691
695
695
701
688
699
698
699
695
698
708
696
703
699
706
697
702
710
700
709
706
714
705
712
712
708
714
709
718
708
717
717
712
719
715
724
714
723
724
720
724
723
731
722
727
735
724
733
732
734
730
735
744
729
742
739
737
743
740
750
740
746
752
741
753
752
749
753
752
761
752
757
766
752
766
765
760
769
765
772
765
772
778
768
777
784
769
786
783
779
787
788
786
791
790
797
791
798
804
795
805
809
798
810
817
805
817
823
809
825
830
816
834
835
824
839
843
831
846
852
839
853
859
847
858
866
856
866
872
868
874
878
872
880
881
884
889
884
893
896
889
902
906
897
906
914
906
916
921
925
916
930
932
925
933
941
940
941
938
951
956
942
956
957
964
966
957
974
975
972
978
975
988
990
983
996
990
1002
1002
997
1009
1001
1015
1013
1010
1018
1015
1027
1028
1023
1031
1027
1038
1038
1038
1048
1037
1051
1044
1056
1059
1054
1061
1055
1069
1065
1073
1073
1071
1079
1076
1085
1082
1090
1093
1091
1099
1089
1106
1096
1111
1107
1115
1117
1114
1123
1113
1131
1118
1137
1131
1137
1141
1138
1146
1142
1150
1142
1162
1148
1163
1157
1167
1163
1170
1169
1172
1181
1175
1185
1175
1188
1181
1191
1181
1192
1183
1196
1190
1199
1193
1200
1196
1197
1197
1193
1196
1193
1198
1191
1199
1188
1197
1186
1199
1190
1197
1188
1196
1187
1194
1189
1193
1189
1193
1192
1191
1192
1187
1192
1185
1189
1182
1189
1182
1191
1181
1190
1180
1187
1183
1188
1182
1184
1183
1182
1184
1177
1180
1175
1183
1173
1182
1172
1180
1173
1178
1171
1179
1173
1175
1176
1173
1172
1168
1172
1166
1174
1163
1173
1163
1170
1163
1170
1166
1169
1165
1166
1167
1160
1163
1160
1165
1155
1167
1155
1162
1156
1162
1159
1159
1160
1158
1158
1151
1157
1149
1159
1149
1159
1148
1157
1151
1152
1156
1150
1153
1147
1153
1141
1151
1144
1152
1144
1150
1145
1145
1147
1141
1149
1138
1147
1138
1145
1138
1146
1140
1142
1141
1138
1139
1135
1141
1131
1143
1131
1139
1134
1138
1138
1134
1137
1129
1134
1127
1137
1127
1136
1129
1131
1131
1126
1133
1123
1131
1123
1129
1124
1131
1126
1127
1126
1120
1125
1118
1129
1117
1126
1120
1121
1125
1118
1124
1113
1122
1114
1120
1117
1121
1118
1116
1116
1110
1118
1111
1117
1111
1115
1115
1114
1116
1107
1112
1106
1113
1108
1113
1111
1107
1108
1103
1110
1103
1108
1104
1107
1108
1104
1109
1098
1105
1100
1106
1101
1104
1102
1096
1103
1093
1106
1093
1101
1097
1100
1100
1094
1097
1091
1097
1095
1099
1097
1090
1095
1086
1098
1086
1095
1090
1092
1094
1086
1092
1084
1090
1089
1090
1091
1082
1087
1079
1090
1081
1088
1085
1082
1088
1078
1087
1077
1085
1083
1083
1083
1075
1081
1075
1083
1078
1079
1078
1072
1079
1072
1077
1075
1077
1078
1071
1074
1069
1075
1073
1075
1073
1067
1070
1066
1074
1068
1071
1071
1065
1070
1062
1068
1068
1069
1068
1061
1065
1060
1068
1064
1065
1062
1056
1066
1056
1066
1061
1061
1064
1050
1064
1055
1062
1062
1054
1057
1051
1059
1054
1057
1057
1050
1055
1051
1054
1053
1057
1054
1046
1053
1046
1055
1053
1046
1050
1042
1052
1048
1048
1049
1044
1048
1040
1048
1047
1045
1048
1036
1045
1043
1044
1046
1038
1040
1036
1045
1040
1039
1041
1033
1040
1036
1040
1042
1033
1037
1031
1039
1038
1033
1035
1028
1035
1033
1036
1033
1026
1034
1028
1033
1034
1028
1029
1024
1032
1030
1027
1029
1021
1028
1027
1028
1026
1018
1027
1023
1026
1026
1019
1023
1017
1025
1025
1019
1019
1016
1023
1021
1019
1018
1013
1020
1017
1019
1017
1010
1018
1014
1018
1017
1008
1015
1012
1017
1015
1006
1013
1007
1015
1012
1006
1010
1005
1013
1012
1006
1007
1002
1010
1011
1004
1004
1000
1009
1007
1003
1002
999
1007
1003
1001
1001
997
1006
1002
1000
1000
993
1003
1001
997
997
992
1001
998
995
995
991
1001
996
992
994
987
998
995
991
991
987
996
993
988
990
985
994
990
984
990
984
991
988
979
989
984
990
986
976
985
984
988
983
976
984
984
982
980
974
986
981
976
980
973
983
981
972
979
973
982
977
968
977
974
978
975
966
977
974
972
971
966
976
974
967
972
966
974
971
961
971
968
972
966
961
971
968
962
966
959
970
966
956
966
962
967
963
954
965
964
959
960
955
965
961
951
961
957
961
958
949
961
959
953
956
951
959
957
946
955
955
954
952
945
957
955
943
953
949
954
950
941
954
950
945
948
943
952
949
937
948
948
944
944
939
949
945
935
946
943
942
941
935
947
943
933
943
940
940
938
932
945
940
929
940
937
937
935
929
941
938
926
937
935
933
933
927
938
935
922
935
935
928
930
924
934
931
919
932
930
922
929
923
931
926
917
929
929
918
926
924
924
923
916
927
925
912
924
924
917
922
915
924
920
909
922
922
910
918
918
916
918
910
920
919
905
917
918
908
914
911
914
915
904
915
915
902
912
914
904
911
907
910
911
900
912
912
898
908
910
899
906
904
905
906
898
907
907
893
905
907
894
902
905
899
901
897
902
901
890
903
902
889
900
902
891
897
897
895
897
889
898
898
886
896
899
886
894
896
886
891
892
893
890
885
893
890
881
892
893
879
890
890
881
887
888
885
886
881
887
885
878
889
885
873
886
888
875
883
885
873
881
883
879
880
875
880
881
872
882
879
870
881
881
866
878
878
868
877
878
868
875
874
872
873
867
874
873
865
874
872
861
875
874
859
873
872
860
869
870
861
868
869
860
866
866
863
864
862
865
865
857
866
864
856
865
863
852
866
864
849
864
864
849
862
862
851
860
861
849
858
859
850
857
858
849
855
856
852
853
853
854
851
849
855
852
846
853
852
844
853
852
843
851
850
843
851
850
839
852
849
837
851
848
836
850
847
834
848
848
832
846
848
831
844
847
832
843
846
831
841
845
831
841
844
829
840
842
829
838
841
828
837
840
826
838
838
825
836
838
825
833
837
825
833
836
823
832
835
821
831
836
820
831
833
819
830
832
817
830
832
815
829
831
814
829
828
814
828
827
813
829
824
813
827
822
814
825
820
814
823
821
812
821
821
812
819
820
812
818
818
813
816
815
814
814
814
817
809
815
817
806
815
815
806
814
814
803
812
816
800
812
814
813
811
799
812
809
799
812
809
799
810
806
800
807
803
803
802
804
806
796
805
806
795
802
807
793
802
806
789
804
802
791
803
799
792
800
798
792
799
795
797
792
796
798
788
796
798
786
795
799
782
797
795
783
797
792
786
793
791
788
789
788
792
784
790
791
780
790
792
777
792
787
778
789
787
779
788
783
785
780
785
787
776
784
786
772
787
782
773
785
782
774
781
778
781
774
780
783
771
778
783
766
782
777
770
778
776
771
775
772
777
768
