403
403
405
404
409
405
403
408
411
409
416
412
409
415
417
416
423
417
416
422
424
423
428
424
422
428
432
429
435
432
427
436
437
436
443
435
437
445
440
447
445
439
447
450
448
453
449
445
455
455
456
460
450
459
460
460
466
460
459
469
464
473
469
464
471
477
472
481
468
479
480
481
486
478
482
488
487
492
489
485
496
491
499
493
490
502
497
504
497
496
506
501
507
502
497
508
504
508
504
499
510
506
513
506
506
513
510
513
507
508
513
515
517
510
512
515
514
522
507
519
521
519
522
513
521
520
525
521
517
528
524
527
523
519
528
524
530
521
528
531
526
534
522
530
531
535
530
526
537
530
538
530
531
536
536
540
530
536
539
539
537
531
544
539
544
539
538
543
540
547
535
545
543
549
543
537
550
545
550
542
547
551
550
550
545
555
549
557
546
552
554
557
555
550
559
552
564
552
560
561
562
561
554
566
562
567
556
564
567
570
565
561
572
566
573
560
573
573
576
569
570
575
576
577
568
580
575
584
570
581
579
587
579
581
585
585
586
581
590
587
593
579
594
589
596
585
592
592
600
591
592
597
596
596
592
601
598
601
591
605
598
605
591
606
603
607
597
604
606
609
599
608
608
609
603
607
612
611
607
604
611
613
610
604
615
612
613
608
616
615
617
606
620
614
619
609
620
616
622
609
623
619
624
612
624
618
628
613
627
622
630
615
628
623
632
617
631
626
632
620
633
630
633
621
635
633
635
624
637
633
637
626
638
633
640
629
641
636
639
629
644
641
639
634
645
644
639
639
646
645
640
640
646
650
640
646
647
652
641
649
648
655
641
655
647
656
644
655
650
655
645
656
656
654
651
657
658
651
655
656
665
651
662
658
665
652
665
663
665
654
668
666
664
661
665
670
659
666
666
675
659
673
667
674
662
674
675
670
670
674
678
668
679
677
681
668
682
677
679
675
683
684
678
683
681
691
674
690
687
685
683
687
692
681
693
688
694
682
697
697
691
688
695
700
685
699
694
697
691
699
702
693
701
699
703
691
705
708
697
703
705
711
694
709
711
706
706
710
718
701
715
712
713
709
714
722
705
720
718
717
714
720
726
710
724
724
719
719
724
730
714
729
729
720
727
728
733
720
734
734
725
735
732
737
729
737
742
728
742
740
736
739
741
748
736
748
751
740
752
748
753
748
752
760
745
759
764
749
764
762
759
763
765
769
762
769
778
760
779
779
767
780
783
775
783
781
788
781
789
796
786
793
803
784
803
806
791
810
809
801
815
816
808
822
823
815
829
829
822
836
835
830
842
841
836
847
845
839
851
851
843
861
861
851
869
866
854
874
877
862
877
885
872
881
886
878
882
886
889
890
887
902
897
889
909
911
897
913
916
911
916
915
927
925
915
934
934
923
936
936
942
943
932
951
954
943
955
953
964
962
951
973
969
968
973
967
987
985
978
993
983
999
997
989
1008
996
1013
1010
1003
1020
1009
1025
1023
1016
1031
1023
1037
1033
1033
1043
1033
1051
1043
1053
1054
1045
1062
1050
1068
1061
1068
1073
1062
1082
1067
1087
1078
1087
1090
1082
1098
1086
1102
1095
1109
1110
1105
1120
1108
1124
1112
1132
1122
1135
1134
1133
1140
1132
1151
1136
1155
1141
1158
1150
1161
1156
1164
1164
1162
1174
1167
1177
1166
1184
1173
1188
1174
1188
1178
1192
1184
1191
1186
1190
1185
1185
1186
1183
1186
1179
1193
1180
1190
1179
1191
1180
1190
1178
1190
1178
1189
1187
1191
1184
1183
1185
1180
1185
1177
1193
1177
1194
1179
1188
1177
1188
1180
1188
1180
1189
1182
1185
1185
1182
1183
1179
1187
1175
1189
1177
1189
1175
1187
1175
1189
1178
1185
1177
1184
1178
1177
1178
1174
1182
1174
1179
1168
1180
1168
1181
1166
1180
1169
1176
1168
1175
1172
1170
1177
1170
1178
1168
1179
1168
1179
1167
1178
1168
1179
1168
1177
1174
1175
1171
1168
1176
1169
1178
1164
1177
1166
1181
1167
1178
1170
1177
1168
1172
1171
1171
1171
1167
1180
1168
1173
1163
1176
1164
1175
1164
1174
1163
1171
1170
1171
1170
1164
1171
1164
1171
1160
1176
1160
1174
1162
1173
1165
1171
1166
1167
1165
1163
1169
1160
1171
1160
1170
1158
1168
1159
1170
1160
1168
1168
1165
1165
1162
1167
1158
1171
1159
1173
1158
1167
1161
1170
1162
1167
1166
1164
1170
1161
1166
1157
1171
1164
1168
1154
1170
1164
1170
1163
1168
1166
1164
1165
1156
1167
1155
1174
1157
1165
1158
1166
1159
1164
1162
1161
1161
1158
1171
1155
1171
1156
1170
1155
1167
1158
1164
1157
1162
1161
1158
1162
1155
1160
1153
1161
1152
1161
1151
1163
1152
1156
1154
1154
1157
1152
1158
1146
1157
1145
1156
1147
1156
1148
1151
1149
1145
1151
1143
1152
1141
1152
1139
1150
1141
1148
1144
1145
1143
1138
1145
1133
1147
1135
1143
1135
1140
1136
1140
1138
1134
1140
1128
1139
1129
1139
1129
1137
1130
1132
1131
1127
1135
1124
1135
1122
1132
1126
1131
1130
1126
1127
1121
1128
1119
1130
1118
1128
1118
1125
1123
1120
1126
1114
1125
1112
1124
1117
1121
1119
1114
1119
1109
1122
1109
1119
1111
1114
1116
1112
1117
1106
1115
1105
1115
1108
1114
1110
1107
1110
1101
1113
1102
1110
1102
1108
1108
1103
1109
1097
1108
1096
1110
1099
1106
1101
1098
1103
1093
1106
1094
1101
1097
1100
1100
1092
1100
1090
1100
1094
1099
1095
1091
1095
1086
1099
1086
1096
1089
1091
1095
1085
1092
1083
1094
1086
1092
1089
1083
1087
1081
1091
1081
1088
1083
1080
1089
1077
1088
1075
1087
1081
1082
1084
1072
1084
1074
1087
1077
1079
1077
1071
1083
1070
1079
1073
1078
1076
1071
1076
1067
1078
1070
1077
1071
1066
1073
1066
1074
1067
1071
1069
1064
1073
1061
1071
1065
1070
1067
1059
1068
1058
1072
1061
1064
1064
1055
1068
1056
1064
1060
1059
1065
1052
1063
1054
1063
1060
1054
1058
1051
1061
1053
1058
1054
1049
1060
1048
1056
1050
1054
1055
1044
1056
1045
1056
1051
1046
1049
1043
1054
1045
1050
1046
1040
1052
1039
1048
1046
1043
1047
1037
1046
1042
1047
1042
1035
1046
1034
1046
1040
1036
1042
1033
1041
1035
1040
1039
1030
1041
1030
1041
1038
1031
1034
1028
1039
1031
1034
1032
1025
1036
1029
1031
1032
1026
1033
1021
1035
1030
1025
1027
1020
1033
1024
1027
1025
1017
1030
1023
1025
1023
1017
1028
1016
1026
1023
1017
1022
1013
1026
1020
1016
1018
1012
1024
1016
1015
1018
1010
1019
1013
1017
1017
1006
1017
1011
1017
1004
1015
1009
1015
1009
1003
1015
1005
1012
1008
1002
1013
1001
1011
1007
1002
1007
999
1011
1007
999
1004
997
1009
1002
997
1005
996
1004
1001
996
1003
992
1004
1001
993
998
992
1003
997
991
997
990
1000
994
988
999
988
995
993
987
995
987
995
992
981
993
988
994
987
980
993
985
989
987
979
990
984
984
986
977
989
984
982
982
975
989
983
977
981
974
987
979
971
984
975
980
978
970
980
975
978
976
969
979
976
972
972
967
981
973
966
974
967
974
971
962
