0
0
311
318
315
312
310
312
311
311
314
318
316
314
309
313
313
311
314
318
318
314
310
312
313
312
314
319
318
313
311
314
313
312
315
320
317
314
311
313
314
312
317
320
318
314
311
314
314
314
317
320
319
314
312
314
315
314
317
320
319
315
312
316
313
315
318
321
319
314
313
315
315
314
320
321
318
314
314
314
315
315
320
321
319
314
315
316
314
317
321
321
320
314
315
316
316
318
322
322
318
315
317
317
318
318
322
322
318
315
317
317
316
319
323
322
318
316
317
317
317
321
324
322
318
316
319
318
318
322
324
323
318
317
320
318
319
325
325
322
318
318
320
319
321
325
326
322
319
319
321
320
321
327
325
321
319
320
321
320
325
327
325
322
319
322
322
322
326
328
325
322
320
324
322
324
328
328
325
320
323
323
322
326
329
328
323
321
323
324
323
327
330
328
323
323
326
323
326
330
330
327
324
324
325
325
327
331
330
326
323
325
326
0
325
330
333
330
325
325
327
326
328
332
333
329
324
327
327
327
330
333
333
327
326
328
328
329
333
334
332
327
328
330
328
331
336
334
329
327
330
330
329
334
336
334
329
329
330
330
332
336
335
331
328
331
330
330
333
337
334
330
329
331
330
332
337
336
332
329
330
331
330
334
337
336
330
330
331
331
333
336
337
333
330
330
332
330
334
336
335
330
330
331
331
332
337
336
332
329
331
330
330
335
336
335
330
328
330
331
332
336
335
333
327
330
329
329
333
336
333
328
328
330
330
330
334
335
332
327
329
329
328
330
335
333
331
326
329
329
328
332
334
331
327
326
329
330
330
334
334
329
325
327
327
327
329
333
331
327
325
326
327
328
332
332
329
323
326
325
324
311
314
318
317
313
311
312
312
312
316
318
316
312
309
312
311
311
313
318
316
312
310
311
311
310
313
316
316
311
308
311
313
311
312
317
314
313
309
310
310
310
314
316
316
311
308
310
311
309
312
316
315
311
308
311
312
310
312
317
315
311
309
311
310
310
313
316
314
312
308
309
311
311
312
317
315
311
309
311
309
311
312
316
315
312
309
310
311
309
313
316
315
312
308
311
310
311
313
316
315
312
309
0
311
311
310
313
316
316
312
309
310
310
311
313
317
316
313
308
312
311
311
313
317
316
313
310
309
311
310
312
318
316
313
309
311
311
311
312
316
316
313
309
311
310
311
313
317
315
313
308
310
312
311
312
317
315
313
310
311
311
310
313
316
316
312
310
310
311
311
313
317
316
312
308
312
312
311
312
317
317
313
309
311
311
311
315
317
317
314
309
312
312
311
314
317
317
314
309
312
311
311
314
318
316
314
309
312
312
312
314
318
317
312
310
311
312
312
314
317
317
314
309
312
313
311
315
317
317
313
311
312
313
311
315
317
317
314
309
312
312
312
314
319
316
314
310
312
313
311
314
319
316
313
311
311
312
312
315
319
318
313
309
313
312
312
315
318
316
313
310
313
312
312
315
319
317
313
310
313
313
311
316
318
316
312
310
312
314
312
315
319
316
311
310
313
312
313
315
319
318
312
312
314
315
315
321
323
323
319
318
322
322
324
329
332
0
328
324
323
325
325
326
332
332
328
326
329
330
331
334
339
337
333
335
336
339
341
347
347
343
342
346
347
350
356
358
354
352
356
357
360
367
368
365
361
367
368
372
380
376
372
372
377
378
382
386
384
380
383
384
386
393
394
387
387
391
391
395
400
397
391
395
398
400
406
403
399
402
402
404
414
410
405
407
408
409
419
417
411
413
415
415
425
423
417
420
421
423
431
429
422
426
426
431
437
434
429
431
433
439
442
440
434
439
440
445
449
441
442
445
445
455
450
446
447
451
455
460
455
451
456
455
466
461
457
458
462
464
472
462
465
464
470
476
473
465
473
471
482
478
472
473
477
480
484
474
476
476
480
487
477
478
477
481
489
483
475
482
481
490
485
478
482
483
492
487
481
484
486
490
491
482
483
487
492
495
484
485
489
490
497
487
486
486
491
498
488
488
489
493
498
492
487
492
493
500
495
487
492
492
500
497
488
493
492
502
498
488
497
0
494
503
499
490
497
494
505
500
491
499
495
506
501
492
498
497
508
502
494
500
499
508
503
495
501
498
511
504
497
502
501
510
508
497
505
503
512
508
498
504
505
511
507
501
506
506
512
509
503
507
508
515
509
506
506
510
517
508
507
508
512
518
508
510
511
513
520
509
509
512
516
520
510
510
513
522
519
510
514
514
525
519
509
517
517
527
520
513
518
521
527
517
519
519
522
529
519
520
523
526
529
521
522
522
532
528
519
525
526
532
525
525
524
529
536
526
524
529
534
536
526
529
528
540
536
527
530
537
542
532
531
535
539
541
532
535
534
543
541
533
535
541
548
538
536
539
550
547
536
542
543
550
544
541
545
548
554
541
546
545
555
551
546
546
551
559
549
547
550
560
557
548
552
555
565
552
551
556
566
561
552
557
561
568
555
558
0
564
559
0
571
566
562
565
571
574
561
567
568
577
566
564
569
579
573
564
568
572
579
567
572
571
580
571
571
572
579
579
570
572
575
585
573
572
575
584
578
573
576
586
584
573
577
582
589
575
578
582
590
580
579
582
591
587
579
583
588
592
579
585
587
595
584
583
584
595
589
585
587
595
594
584
588
592
598
587
589
593
602
588
590
591
602
591
590
593
602
596
590
593
601
599
590
595
597
604
592
596
599
606
594
596
598
608
597
596
598
608
602
597
599
610
605
598
601
607
609
598
600
609
612
599
604
608
616
602
605
609
617
604
606
609
620
606
607
609
619
608
609
610
620
612
608
611
620
614
612
612
622
616
611
613
623
618
612
614
622
620
613
614
623
623
612
616
622
625
614
616
624
627
615
618
625
628
617
618
626
629
617
621
627
630
619
621
629
631
620
622
630
632
621
623
630
633
622
623
0
631
634
623
625
632
634
625
625
633
636
624
627
635
635
625
628
636
636
625
628
639
636
627
629
641
636
628
631
640
637
628
632
643
639
630
633
644
636
632
632
646
636
632
635
648
635
636
638
648
635
635
640
650
635
638
643
649
636
639
644
652
638
640
648
650
640
641
651
649
641
643
652
647
642
644
655
647
643
647
658
645
646
648
659
644
647
652
658
646
648
656
656
646
647
659
654
647
649
660
653
648
652
663
651
650
652
663
650
651
657
663
650
652
661
659
650
652
663
657
654
654
666
655
655
656
668
653
655
660
667
654
656
665
665
654
657
667
663
657
659
670
661
658
662
673
658
662
669
671
659
661
673
667
661
664
677
665
663
666
676
662
665
672
675
664
665
675
672
666
668
679
668
668
671
680
666
669
678
677
666
668
681
673
670
672
684
669
673
678
683
671
671
683
680
671
675
688
676
675
679
687
674
678
687
683
676
681
693
679
678
686
693
679
0
681
693
688
681
685
697
684
0
696
683
686
700
691
686
690
702
689
691
699
696
690
693
707
692
692
699
706
693
693
706
699
696
7
1
711
697
698
707
704
699
704
713
700
702
712
710
700
707
720
705
706
714
715
704
711
724
710
710
720
719
709
714
729
712
713
723
723
714
718
731
717
717
729
727
719
723
735
721
720
732
727
725
728
741
726
729
744
733
730
740
743
730
735
749
734
736
747
743
738
743
755
739
742
759
743
744
754
751
745
749
761
746
749
766
750
753
765
762
756
764
772
757
765
777
764
765
783
770
768
782
781
772
783
789
776
783
798
780
786
802
789
788
809
794
795
810
804
800
816
812
806
819
820
814
825
826
817
830
831
822
835
836
827
838
838
830
840
844
837
847
851
841
853
852
841
856
854
846
856
852
849
859
852
850
866
854
851
868
857
856
870
861
861
876
860
868
879
864
870
880
868
875
878
868
881
881
876
888
880
877
893
883
881
899
882
891
902
893
901
902
894
906
901
898
914
901
903
917
903
912
913
907
922
917
912
934
920
924
938
925
940
938
936
954
941
949
958
949
964
959
961
975
964
974
974
973
989
975
989
990
983
1000
988
994
1000
993
1010
997
1004
1011
1003
1018
1007
1017
1019
1011
1029
1017
1026
1026
1023
1040
1021
1039
1032
1032
1043
1030
1049
1035
1045
1046
1041
1062
1044
1055
1052
1046
1060
1043
1064
1049
1060
1059
1052
1067
1048
1069
1054
1064
1067
1058
1075
1057
1073
1062
1066
1074
1066
1082
1065
1079
1070
1070
1078
1072
1090
1073
1092
1083
1090
1092
1089
1103
1086
1103
1089
1096
1094
1096
1105
1091
1112
1090
1107
1094
1103
1103
1101
1114
1097
1117
1099
1112
1106
1111
1113
1105
1119
1103
1122
1108
1122
1113
1116
1116
1111
1126
1112
1130
1110
1125
1117
1122
1124
1118
1126
1111
1135
1111
1130
1118
1124
1123
1118
1130
1117
1135
1117
1134
1117
11
28
1121
1124
1127
1119
1133
1116
1137
1117
1135
1122
1127
1125
1121
1132
1117
1136
1117
1135
1119
1128
1125
1123
1127
1120
1130
1115
1134
1113
1129
1116
1124
1121
1114
1127
1110
1130
1110
1128
1114
1119
1117
1113
1120
1107
1125
1106
1121
1107
1115
1112
1108
1115
1103
1118
1100
1117
1105
1109
1109
1101
1113
1096
1116
1096
1112
1100
1103
1105
1095
1110
1092
1111
1091
1107
1095
1097
1100
1091
1107
1088
1106
1090
1096
1095
1090
1100
1085
1105
1083
1100
1088
1091
1093
1085
1098
1083
1098
1084
1089
1090
1081
1095
1075
1098
1077
1090
1083
1080
1088
1076
1094
1073
1089
1077
1080
1083
1072
1089
1071
1087
1074
1077
1080
1070
1084
1068
1085
1070
1075
1077
1068
1082
1064
1082
1068
1071
1074
1064
1079
1062
1079
1064
1068
1070
1062
1076
1058
1076
1062
1064
1069
1059
1073
1055
1072
1059
1062
1066
1054
1072
1052
1067
1057
0
1049
1072
1049
1062
0
1064
1048
1066
1049
1055
0
1061
1046
1061
1049
1050
1056
1041
1063
1042
1055
1050
1044
1056
1039
1057
1043
1046
1050
1038
1056
1037
1051
1043
1038
1052
1034
1053
1037
1042
1045
1034
1050
1033
1047
1038
1034
1045
1030
1048
1033
1036
1040
1029
1046
1027
1040
1035
1027
1042
1024
1043
1028
1031
1036
1023
1043
1024
1030
1033
1021
1039
1021
1035
1026
1022
1035
1018
1035
1021
1024
1030
1015
1036
1019
1022
1026
1015
1033
1014
1024
1024
1012
1030
1012
1027
1019
1013
1025
1010
1026
1014
1013
1022
1007
1026
1010
1013
1020
1004
1025
1006
1012
1017
1004
1022
1004
1012
1014
1001
1020
1002
1011
1011
999
1017
1000
1010
1010
996
1015
996
1011
1006
995
1014
994
1009
1003
994
1012
993
1007
1000
992
1010
991
1004
1000
990
1006
989
1002
999
987
1005
988
999
997
985
1003
986
997
995
983
1002
983
993
995
981
1000
983
989
993
979
999
982
985
991
977
997
981
983
992
974
993
980
979
991
974
990
980
975
989
973
985
982
971
989
972
979
982
967
990
972
974
982
965
985
972
970
982
965
980
973
964
981
965
973
975
962
981
964
968
975
958
977
966
962
975
958
973
967
957
975
959
965
968
954
974
959
958
971
953
967
962
952
970
953
960
964
948
969
954
953
965
949
962
958
946
966
949
953
960
944
961
952
946
961
945
956
955
0
947
944
958
940
955
950
938
959
941
945
953
936
954
946
935
955
938
943
949
934
952
941
934
951
935
941
946
929
948
940
932
949
931
938
944
927
945
935
929
946
929
935
940
924
942
933
925
943
926
931
939
921
938
932
922
939
924
927
936
919
934
931
917
937
922
922
935
915
929
929
914
933
922
916
932
916
921
928
912
929
921
911
930
916
915
928
909
922
922
907
926
916
908
927
910
913
922
906
918
917
903
923
912
905
922
904
911
918
901
917
912
900
918
906
901
918
901
907
914
898
912
909
894
915
903
897
914
898
902
911
892
906
906
891
911
901
892
911
894
896
908
890
901
904
888
904
899
886
906
893
889
906
889
892
903
885
895
898
884
899
894
882
901
888
884
901
884
886
899
879
890
895
878
894
890
876
896
885
878
897
879
880
893
877
885
891
873
886
888
872
888
884
870
890
878
872
891
874
874
888
873
876
885
868
879
883
867
881
879
864
883
876
864
885
870
866
885
866
866
883
864
869
879
862
870
877
860
873
873
859
874
871
0
856
876
867
856
876
862
859
877
859
857
875
858
858
872
855
862
870
852
862
870
850
862
867
850
863
863
848
865
861
846
866
859
0
855
847
865
851
847
865
849
847
864
0
864
845
846
862
0
860
841
847
0
849
856
838
0
837
848
853
835
0
835
848
850
835
847
847
833
848
846
831
848
844
830
848
843
829
847
841
828
846
840
827
847
838
826
844
838
824
844
836
825
844
835
823
842
834
823
841
833
821
840
832
820
840
831
818
839
829
818
838
829
817
836
828
816
834
828
817
831
828
816
829
828
815
827
828
814
825
828
813
823
829
811
822
828
810
820
829
809
818
827
810
815
827
809
813
828
809
809
829
808
807
828
807
806
828
806
806
823
809
802
824
811
800
819
812
799
818
811
800
813
813
798
810
815
797
808
815
797
804
815
797
800
817
798
0
797
0
0
0
789
811
0
805
0
0
789
798
806
789
792
810
789
788
809
789
788
805
793
783
804
794
783
799
796
784
791
800
782
790
800
783
783
803
782
781
801
786
777
798
788
777
7
93
789
778
787
794
776
782
795
778
777
797
777
775
793
782
770
790
784
773
781
789
771
778
790
773
770
793
772
770
788
777
766
783
780
767
777
782
768
770
787
766
766
785
772
762
782
773
764
773
781
761
768
781
764
761
782
766
757
779
768
760
768
776
758
762
778
758
758
776
764
753
771
767
755
763
771
755
755
0
752
772
760
750
762
0
755
769
750
749
768
0
760
760
745
753
762
746
745
763
750
739
758
753
739
0
741
739
758
744
735
751
749
734
741
753
735
733
751
740
730
741
745
731
730
749
731
724
743
736
723
731
741
724
721
740
727
719
728
733
719
715
735
722
712
724
728
716
713
732
718
710
724
726
711
714
730
716
707
723
724
710
710
729
712
704
723
720
707
709
727
710
703
719
718
705
706
0
723
709
700
714
715
702
702
719
705
698
708
713
700
697
714
703
694
704
709
696
694
710
699
691
697
706
692
686
702
698
687
685
702
689
681
690
694
683
678
693
685
675
678
692
679
0
687
674
0
680
670
672
686
675
666
678
682
669
665
679
679
0
681
670
663
0
668
660
670
675
663
659
675
670
659
659
675
664
657
662
673
661
654
663
668
656
652
665
666
653
651
667
660
0
666
655
649
0
0
654
662
648
643
656
0
643
657
654
643
0
649
642
641
656
646
638
641
0
636
642
656
641
634
642
651
637
632
642
648
635
630
642
645
633
629
642
643
630
628
641
640
630
627
640
637
628
626
639
636
625
623
639
633
624
623
637
631
623
621
636
629
621
619
634
628
620
617
633
626
0
631
625
616
614
628
624
614
612
628
622
612
0
622
612
608
623
620
0
619
620
609
605
617
620
608
604
613
619
608
603
610
619
607
602
606
618
605
599
603
617
604
600
599
615
605
598
598
611
605
598
594
606
607
596
593
603
608
597
591
598
608
595
589
593
607
595
590
590
606
596
590
587
601
600
588
587
597
601
590
585
593
601
589
584
585
599
589
582
582
596
590
582
578
591
592
583
578
584
593
581
576
580
593
583
576
574
587
585
577
573
581
589
575
572
573
588
578
571
569
582
581
571
568
577
582
571
566
0
573
567
0
577
0
0
568
563
563
0
563
560
569
574
563
0
575
565
559
555
568
570
559
555
558
572
560
556
552
565
565
556
551
556
566
557
552
550
562
561
553
548
554
563
555
550
547
559
559
552
545
549
561
551
546
542
555
556
547
541
544
558
549
543
539
550
554
543
538
540
554
545
540
538
543
551
541
537
534
547
547
538
532
535
550
540
533
531
541
545
535
531
531
541
540
533
528
530
545
535
527
527
535
540
530
527
524
536
537
0
529
523
524
540
529
524
523
526
537
527
522
518
531
532
523
520
518
530
530
521
515
518
533
524
0
517
531
520
515
513
520
528
518
513
510
522
523
0
509
0
512
508
509
520
0
0
520
514
509
505
507
520
511
506
503
505
518
509
504
502
504
516
508
501
500
504
513
506
499
498
503
511
505
499
496
502
509
502
495
495
501
507
501
493
493
498
506
499
492
491
497
505
498
490
491
495
504
497
490
490
492
503
495
490
488
489
504
493
491
485
487
499
492
487
482
484
496
492
486
480
483
492
494
482
481
478
491
491
482
480
476
488
489
484
478
476
483
489
0
476
477
490
482
478
473
477
0
476
474
0
484
0
0
482
0
468
0
0
465
0
0
467
0
476
471
465
0
477
470
0
464
474
0
465
0
470
465
0
460
471
0
456
0
468
0
454
0
460
0
454
463
0
454
0
464
457
454
449
452
461
461
0
0
461
454
449
447
447
455
457
447
447
444
448
457
450
446
441
442
453
452
446
442
442
443
453
449
442
441
437
448
450
0
437
441
448
0
439
438
439
0
439
436
431
442
444
439
436
430
434
441
442
435
432
430
432
442
439
432
431
428
433
441
435
431
429
425
436
439
433
430
425
426
438
436
431
426
425
426
434
436
428
0
425
434
0
424
0
0
424
423
419
427
432
0
418
417
425
429
422
420
416
415
424
426
421
418
414
413
424
424
419
417
412
412
422
422
418
415
411
411
420
421
416
414
410
409
419
420
414
413
409
407
417
419
414
411
408
406
414
418
412
410
407
405
411
418
412
407
407
403
409
416
413
405
405
402
403
411
411
403
402
399
402
409
410
403
400
398
400
408
407
403
401
396
396
406
407
402
400
398
394
400
407
403
397
396
395
0
396
404
404
397
395
393
392
400
399
395
393
390
387
396
400
395
391
391
387
390
0
391
388
0
396
0
389
386
384
388
396
0
385
384
0
392
389
387
384
382
0
390
385
383
383
382
391
391
386
384
381
379
384
388
386
378
377
378
377
385
385
380
379
376
0
385
383
377
376
373
374
381
383
378
375
373
372
374
381
380
377
374
372
369
374
380
379
372
371
369
369
377
378
374
368
368
367
368
374
374
370
367
365
364
367
372
372
368
365
364
361
367
372
370
365
364
361
360
367
371
368
363
361
360
359
367
368
366
360
360
358
358
366
367
363
359
358
357
357
365
365
361
357
357
354
354
362
362
357
0
353
353
360
360
357
352
0
351
358
359
0
350
350
349
356
357
354
350
348
0
354
356
353
349
347
0
350
354
353
348
347
344
342
347
351
352
346
345
343
342
343
350
349
345
344
341
341
342
347
349
345
341
341
338
338
344
346
346
340
340
337
336
339
344
345
339
338
337
335
336
342
343
340
0
0
337
342
340
336
334
333
331
0
339
0
332
330
0
337
336
333
330
329
0
335
0
328
327
327
325
329
333
334
329
326
0
325
329
332
329
325
325
322
321
324
328
329
326
322
322
320
318
323
327
326
322
320
319
318
317
323
326
325
0
319
318
318
323
326
0
318
317
0
323
323
320
317
317
0
314
320
319
316
313
313
311
310
312
318
318
314
312
311
309
309
313
318
318
316
311
311
311
308
312
317
316
313
310
310
309
307
310
315
314
311
307
307
305
303
305
312
311
309
304
305
304
302
303
307
309
307
303
303
300
300
300
305
307
306
301
300
299
298
297
301
304
305
301
298
298
296
296
297
302
302
301
296
296
295
293
294
298
301
300
296
295
293
293
292
295
299
299
296
293
292
291
290
291
294
297
297
29
3
290
291
289
289
0
294
292
0
287
0
289
293
292
290
286
287
285
0
289
291
289
287
284
285
283
0
0
287
283
285
0
283
286
290
290
287
283
284
281
282
282
284
288
288
285
282
281
280
279
280
284
286
287
283
281
282
280
279
279
285
285
284
281
280
280
278
278
280
283
285
283
280
279
279
278
276
279
283
283
282
279
278
277
278
276
278
281
282
281
277
277
279
276
275
278
281
281
281
277
276
276
276
275
277
282
281
280
276
276
276
275
274
277
280
281
280
276
275
275
275
274
275
281
281
280
276
276
274
274
274
274
279
279
277
275
275
277
273
274
274
280
281
280
277
0
275
0
279
280
0
275
0
273
274
0
279
275
277
276
274
0
279
281
280
0
275
275
274
275
281
282
282
277
276
277
275
273
275
279
281
283
280
277
279
277
278
280
285
286
284
281
284
285
283
282
287
291
292
291
289
290
290
289
291
294
299
301
297
295
297
296
297
300
304
306
305
301
302
303
302
303
309
311
310
308
307
306
307
309
312
317
316
311
311
312
311
313
317
320
320
314
315
314
314
316
320
322
320
318
317
316
317
318
324
326
323
319
320
319
320
321
327
327
324
323
323
322
323
326
331
331
0
327
0
0
335
330
0
0
340
0
0
337
339
0
341
0
342
349
352
0
346
0
0
354
348
349
348
346
352
355
0
350
0
352
356
0
351
350
348
0
356
352
350
351
351
351
357
357
0
351
351
0
357
353
0
350
351
358
358
0
350
351
352
357
359
356
351
352
351
351
357
359
356
350
352
351
351
356
360
356
353
352
350
351
357
359
357
352
353
352
351
356
360
359
353
352
352
352
357
360
359
354
354
353
351
356
360
360
354
355
353
352
357
361
360
355
354
355
353
357
361
361
356
355
355
354
358
0
356
356
0
359
362
360
357
355
0
359
362
0
357
353
354
0
362
356
356
357
353
359
363
362
357
356
355
354
359
363
361
356
356
354
354
359
363
362
355
356
354
355
359
362
360
356
356
354
353
358
362
361
355
355
354
352
359
361
360
355
354
354
352
357
361
361
355
356
352
352
357
360
359
353
354
353
352
356
360
359
353
354
351
353
355
358
359
353
353
352
350
354
359
358
353
352
351
351
354
357
358
353
352
351
350
353
357
356
353
350
351
350
351
357
356
350
350
350
348
351
357
355
353
0
348
349
355
355
352
347
348
347
348
353
355
352
348
0
345
0
352
347
348
0
350
353
0
346
347
345
348
0
347
345
345
345
346
352
350
347
345
345
345
345
349
351
347
343
344
342
343
348
351
348
344
344
342
341
346
350
348
343
343
342
341
344
348
348
343
341
342
341
342
347
348
345
340
341
340
339
344
347
346
341
341
340
339
341
346
345
341
339
339
339
340
345
345
343
338
339
338
337
344
345
344
339
340
338
337
340
345
344
339
337
339
337
337
345
344
341
338
337
338
337
342
345
343
338
338
337
337
338
344
342
338
336
338
335
337
0
342
337
337
0
340
341
342
338
336
0
337
0
339
335
0
335
0
340
337
337
334
0
342
341
338
334
336
335
335
341
343
339
335
335
335
333
337
342
341
335
335
334
335
335
341
341
337
334
335
335
333
338
341
340
335
335
334
334
337
341
340
338
334
335
334
335
339
342
339
335
335
335
333
337
342
341
335
335
335
334
336
341
341
339
334
337
335
0
342
341
335
336
337
335
336
344
341
339
336
335
336
335
340
0
336
337
336
335
338
342
0
336
337
335
0
343
340
0
335
0
343
341
0
337
0
0
0
338
0
340
0
336
0
0
0
337
0
336
337
341
0
336
337
335
335
340
342
342
337
337
337
336
337
344
342
338
337
338
338
336
342
343
342
337
337
337
335
341
344
342
339
336
337
337
338
343
343
340
336
338
336
336
341
344
342
338
337
338
336
339
344
343
338
338
337
337
337
344
344
341
338
337
337
336
341
344
343
338
338
338
337
339
345
344
339
337
338
339
338
344
344
343
338
338
338
338
342
344
344
338
338
338
338
341
346
344
340
337
339
338
338
344
345
343
339
339
338
0
345
344
340
338
339
338
341
345
0
338
339
0
344
345
0
339
338
337
0
344
340
339
0
341
346
345
0
341
339
340
345
0
340
340
339
339
343
347
346
341
339
340
340
342
347
347
342
340
340
341
341
346
347
345
340
341
341
340
344
348
346
341
342
341
341
344
348
347
342
340
342
341
342
348
348
345
340
342
342
341
345
349
346
342
342
341
340
345
348
347
343
342
343
341
343
349
346
343
341
343
342
342
348
347
345
341
342
341
340
347
349
347
341
342
341
341
345
348
347
343
341
341
340
343
347
347
342
341
341
341
0
347
345
340
342
0
344
0
341
341
0
0
345
342
0
340
346
347
343
339
0
338
344
347
345
340
340
341
339
342
346
346
340
339
340
340
341
346
346
343
338
340
339
338
344
346
345
341
341
339
339
341
345
345
340
338
340
339
340
345
346
341
337
339
338
337
344
345
344
339
339
338
338
341
344
343
339
338
339
338
339
344
343
341
337
339
337
0
344
343
338
339
338
0
345
343
338
336
339
338
339
343
344
342
337
338
338
338
340
344
343
338
338
337
337
338
343
343
338
336
336
336
336
342
343
341
337
336
336
336
0
341
337
0
335
0
342
0
337
336
0
342
0
336
0
338
343
0
335
336
337
335
341
342
340
335
336
335
335
337
343
0
335
336
335
336
341
342
339
335
336
0
339
344
341
336
335
336
335
338
0
336
334
336
336
0
