403
403
405
404
409
405
403
408
411
409
416
412
409
415
417
416
423
417
416
422
424
423
428
424
422
428
432
429
435
432
427
436
437
436
443
435
437
445
440
447
445
439
447
450
448
453
449
445
455
455
456
460
450
459
460
460
466
460
459
469
464
473
469
464
471
477
472
481
468
479
480
481
486
478
482
488
487
492
489
485
496
491
499
493
490
502
497
504
497
496
506
501
507
502
497
508
504
508
504
499
510
506
513
506
506
513
510
513
507
508
513
515
517
510
512
515
514
522
507
519
521
519
522
513
521
520
525
521
517
528
524
527
523
519
528
524
530
521
528
531
526
534
522
530
531
535
530
526
537
530
538
530
531
536
536
540
530
536
539
539
537
531
544
539
544
539
538
543
540
547
535
545
543
549
543
537
550
545
550
542
547
551
550
550
545
555
549
557
546
552
554
557
555
550
559
552
564
552
560
561
562
561
554
566
562
567
556
564
567
570
565
561
572
566
573
560
573
573
576
569
570
575
576
577
568
580
575
584
570
581
579
587
579
581
585
585
586
581
590
587
593
579
594
589
596
585
592
592
600
591
592
597
596
596
592
601
598
601
591
605
598
605
591
606
603
607
597
604
606
609
599
608
608
609
603
607
612
611
607
604
611
613
610
604
615
612
613
608
616
615
617
606
620
614
619
609
620
616
622
609
623
619
624
612
624
618
628
613
627
622
630
615
628
623
632
617
631
626
632
620
633
630
633
621
635
633
635
624
637
633
637
626
638
633
640
629
641
636
639
629
644
641
639
634
645
644
639
639
646
645
640
640
646
650
640
646
647
652
641
649
648
655
641
655
647
656
644
655
650
655
645
656
656
654
651
657
658
651
655
656
665
651
662
658
665
652
665
663
665
654
668
666
664
661
665
670
659
666
666
675
659
673
667
674
662
674
675
670
670
674
678
668
679
677
681
668
682
677
679
675
683
684
678
683
681
691
674
690
687
685
683
687
692
681
693
688
694
682
697
697
691
688
695
700
685
699
694
697
691
699
702
693
701
699
703
691
705
708
697
703
705
711
694
709
711
706
706
710
718
701
715
712
713
709
714
722
705
720
718
717
714
720
726
710
724
724
719
719
724
730
714
729
729
720
727
728
733
720
734
734
725
735
732
737
729
737
742
728
742
740
736
739
741
748
736
748
751
740
752
748
753
748
752
760
745
759
764
749
764
762
759
763
765
769
762
769
778
760
779
779
767
780
783
775
783
781
788
781
789
796
786
793
803
784
803
806
791
810
809
801
815
816
808
822
823
815
829
829
822
836
835
830
842
841
836
847
845
839
851
851
843
861
861
851
869
866
854
874
877
862
877
885
872
881
886
878
882
886
889
890
887
902
897
889
909
911
897
913
916
911
916
915
927
925
915
934
934
923
936
936
942
943
932
951
954
943
955
953
964
962
951
973
969
968
973
967
987
985
978
993
983
999
997
989
1008
996
1013
1010
1003
1020
1009
1025
1023
1016
1031
1023
1037
1033
1033
1043
1033
1051
1043
1053
1054
1045
1062
1050
1068
1061
1068
1073
1062
1082
1067
1087
1078
1087
1090
1082
1098
1086
1102
1095
1109
1110
1105
1120
1108
1124
1112
1132
1122
1135
1134
1133
1140
1132
1151
1136
1155
1141
1158
1150
1161
1156
1164
1164
1162
1174
1167
1177
1166
1184
1173
1188
1174
1188
1178
1192
1184
1191
1186
1190
1185
1185
1186
1183
1186
1179
1193
1180
1190
1179
1191
1180
1190
1178
1190
1178
1189
1187
1191
1184
1183
1185
1180
1185
1177
1193
1177
1194
1179
1188
1177
1188
1180
1188
1180
1189
1182
1185
1185
1182
1183
1179
1187
1175
1189
1177
1189
1175
1187
1175
1189
1178
1185
1177
1184
1178
1177
1178
1174
1182
1174
1179
1168
1180
1168
1181
1166
1180
1169
1176
1168
1175
1172
1170
1177
1170
1178
1168
1179
1168
1179
1167
1178
1168
1179
1168
1177
1174
1175
1171
1168
1176
1169
1178
1164
1177
1166
1181
1167
1178
1170
1177
1168
1172
1171
1171
1171
1167
1180
1168
1173
1163
1176
1164
1175
1164
1174
1163
1171
1170
1171
1170
1164
1171
1164
1171
1160
1176
1160
1174
1162
1173
1165
1171
1166
1167
1165
1163
1169
1160
1171
1160
1170
1158
1168
1159
1170
1160
1168
1168
1165
1165
1162
1167
1158
1171
1159
1173
1158
1167
1161
1170
1162
1167
1166
1164
1170
1161
1166
1157
1171
1164
1168
1154
1170
1164
1170
1163
1168
1166
1164
1165
1156
1167
1155
1174
1157
1165
1158
1166
1159
1164
1162
1161
1161
1158
1171
1155
1171
1156
1170
1155
1167
1158
1164
1157
1162
1161
1158
1162
1155
1160
1153
1161
1152
1161
1151
1163
1152
1156
1154
1154
1157
1152
1158
1146
1157
1145
1156
1147
1156
1148
1151
1149
1145
1151
1143
1152
1141
1152
1139
1150
1141
1148
1144
1145
1143
1138
1145
1133
1147
1135
1143
1135
1140
1136
1140
1138
1134
1140
1128
1139
1129
1139
1129
1137
1130
1132
1131
1127
1135
1124
1135
1122
1132
1126
1131
1130
1126
1127
1121
1128
1119
1130
1118
1128
1118
1125
1123
1120
1126
1114
1125
1112
1124
1117
1121
1119
1114
1119
1109
1122
1109
1119
1111
1114
1116
1112
1117
1106
1115
1105
1115
1108
1114
1110
1107
1110
1101
1113
1102
1110
1102
1108
1108
1103
1109
1097
1108
1096
1110
1099
1106
1101
1098
1103
1093
1106
1094
1101
1097
1100
1100
1092
1100
1090
1100
1094
1099
1095
1091
1095
1086
1099
1086
1096
1089
1091
1095
1085
1092
1083
1094
1086
1092
1089
1083
1087
1081
1091
1081
1088
1083
1080
1089
1077
1088
1075
1087
1081
1082
1084
1072
1084
1074
1087
1077
1079
1077
1071
1083
1070
1079
1073
1078
1076
1071
1076
1067
1078
1070
1077
1071
1066
1073
1066
1074
1067
1071
1069
1064
1073
1061
1071
1065
1070
1067
1059
1068
1058
1072
1061
1064
1064
1055
1068
1056
1064
1060
1059
1065
1052
1063
1054
1063
1060
1054
1058
1051
1061
1053
1058
1054
1049
1060
1048
1056
1050
1054
1055
1044
1056
1045
1056
1051
1046
1049
1043
1054
1045
1050
1046
1040
1052
1039
1048
1046
1043
1047
1037
1046
1042
1047
1042
1035
1046
1034
1046
1040
1036
1042
1033
1041
1035
1040
1039
1030
1041
1030
1041
1038
1031
1034
1028
1039
1031
1034
1032
1025
1036
1029
1031
1032
1026
1033
1021
1035
1030
1025
1027
1020
1033
1024
1027
1025
1017
1030
1023
1025
1023
1017
1028
1016
1026
1023
1017
1022
1013
1026
1020
1016
1018
1012
1024
1016
1015
1018
1010
1019
1013
1017
1017
1006
1017
1011
1017
1004
1015
1009
1015
1009
1003
1015
1005
1012
1008
1002
1013
1001
1011
1007
1002
1007
999
1011
1007
999
1004
997
1009
1002
997
1005
996
1004
1001
996
1003
992
1004
1001
993
998
992
1003
997
991
997
990
1000
994
988
999
988
995
993
987
995
987
995
992
981
993
988
994
987
980
993
985
989
987
979
990
984
984
986
977
989
984
982
982
975
989
983
977
981
974
987
979
971
984
975
980
978
970
980
975
978
976
969
979
976
972
972
967
981
973
966
974
967
974
971
962
974
968
970
969
961
973
969
965
965
961
973
966
956
967
963
968
962
956
969
962
959
962
955
966
964
952
961
958
965
957
950
963
958
955
956
951
961
956
946
960
953
954
954
947
960
954
946
952
949
957
949
942
955
950
947
948
944
953
948
938
952
946
945
945
939
952
946
935
945
944
946
940
935
949
943
933
944
939
941
939
932
946
940
930
940
936
941
934
929
941
939
928
935
934
937
931
926
941
932
924
936
931
931
929
924
937
931
920
931
931
929
925
922
935
925
917
932
927
920
926
922
927
921
916
929
925
914
923
922
924
918
914
927
921
910
922
921
914
918
915
920
915
909
922
918
906
917
917
913
911
910
920
911
903
917
915
903
912
912
910
908
905
915
906
900
913
911
899
907
911
907
902
902
911
902
896
910
907
894
905
905
898
901
900
904
898
894
907
901
890
901
903
892
896
901
898
894
892
902
893
887
902
897
885
897
896
888
892
894
894
889
887
896
890
882
896
893
880
891
893
881
888
890
885
885
884
890
882
880
892
884
875
888
888
876
883
887
877
880
884
882
878
877
885
876
874
887
877
869
885
880
868
879
880
869
876
880
872
872
876
877
870
869
878
871
867
879
869
863
878
872
860
874
873
861
870
872
862
867
871
865
864
866
869
863
862
870
862
860
869
861
858
870
861
853
869
864
850
865
864
852
861
865
852
860
862
852
857
861
853
856
858
854
854
855
857
852
851
857
852
849
858
850
847
858
850
844
858
849
842
857
849
840
856
849
838
855
849
836
853
850
835
850
851
836
847
848
837
845
847
837
844
846
835
843
845
833
843
844
832
843
841
832
841
841
831
839
840
831
837
840
830
836
839
830
835
838
827
835
836
826
834
835
825
834
834
823
833
833
823
831
832
823
829
833
821
829
831
820
828
830
818
828
828
817
828
827
815
827
826
814
826
826
812
826
824
811
826
822
810
826
820
810
826
817
810
826
815
811
822
814
811
820
813
811
818
812
811
817
810
813
813
809
814
809
810
815
804
812
813
803
812
812
801
811
812
798
812
809
797
814
804
798
813
803
799
810
803
798
808
800
801
804
799
805
797
802
803
794
803
803
792
802
803
788
805
798
789
805
795
791
801
795
792
800
791
795
793
792
797
787
795
796
785
795
796
781
798
790
784
795
790
783
794
786
788
787
785
791
781
788
790
778
789
789
775
794
782
779
788
782
780
785
778
786
777
782
784
775
782
785
769
787
778
773
784
776
775
779
774
781
770
779
779
767
781
776
767
780
773
769
777
770
775
768
773
776
764
774
774
762
777
768
765
773
766
771
764
769
771
760
771
769
758
773
764
761
770
761
768
759
765
768
754
769
762
757
767
760
759
761
760
764
754
761
764
750
754
762
753
761
761
747
762
760
750
755
757
744
759
751
747
756
748
753
747
751
754
742
755
749
743
753
746
749
744
748
751
738
752
746
740
751
741
747
740
746
748
734
750
742
738
746
738
745
737
742
744
733
746
739
737
739
738
743
732
742
738
732
742
733
740
731
737
740
726
742
733
731
734
733
737
726
737
732
728
736
728
734
727
731
734
722
735
729
729
725
729
733
719
734
726
727
725
730
718
729
725
720
728
720
727
717
725
723
717
727
717
723
717
721
722
713
724
715
720
713
718
720
710
720
712
716
709
711
713
704
712
703
708
699
704
702
696
704
693
700
688
698
692
689
690
688
693
679
690
682
688
679
688
686
680
685
682
687
675
686
681
684
677
684
681
677
681
679
684
671
684
676
681
673
683
678
674
676
677
681
670
680
672
679
667
679
674
674
671
673
676
668
677
670
676
663
676
669
673
665
673
670
667
668
669
672
663
672
664
671
659
672
665
669
661
668
666
662
666
664
667
660
667
661
667
654
667
660
665
656
665
661
660
657
661
662
655
661
658
663
651
662
655
661
649
661
655
659
651
659
656
654
652
655
656
650
654
653
657
647
656
650
656
644
655
648
655
643
654
649
652
644
653
648
649
646
649
648
644
646
647
649
642
648
644
649
639
648
642
649
636
648
640
648
634
647
639
646
633
646
639
644
635
643
639
641
635
641
639
638
635
640
637
636
635
637
638
633
635
636
636
632
635
634
636
629
634
633
636
627
635
631
636
626
634
629
635
624
632
628
634
623
632
627
632
621
631
625
632
620
630
624
631
619
630
623
629
619
628
622
629
616
627
621
627
616
625
620
626
614
625
619
625
615
622
618
623
614
621
617
621
613
619
617
620
612
617
616
619
612
616
615
617
612
614
614
615
612
612
614
613
612
609
613
611
612
606
614
609
612
604
613
606
614
601
614
605
610
600
606
604
608
601
604
604
605
601
603
604
601
603
597
604
599
604
594
605
597
605
593
604
597
602
592
600
596
601
593
597
598
598
595
593
598
594
597
589
598
591
600
586
598
590
599
586
594
590
595
588
591
592
591
590
586
593
587
592
583
593
586
594
581
589
586
590
584
586
588
586
585
581
588
582
589
578
588
581
588
577
584
582
585
581
580
583
579
584
574
585
578
584
573
581
578
582
576
578
579
576
579
571
581
575
581
569
578
574
578
574
573
576
572
577
567
578
570
578
566
573
572
575
571
567
573
569
575
564
574
566
573
565
569
570
568
568
562
571
566
572
559
568
566
568
565
562
566
562
570
558
566
561
567
560
562
564
560
565
556
566
558
564
556
561
562
559
560
553
564
555
564
553
559
559
558
558
551
561
554
559
551
556
556
556
555
548
560
551
558
548
554
554
552
553
546
556
549
554
548
551
552
548
553
544
553
546
553
547
546
549
545
553
541
549
545
549
546
541
548
545
550
538
545
545
546
544
538
547
540
547
539
542
543
539
545
535
543
539
544
539
535
542
537
544
533
540
539
536
540
532
540
534
541
536
531
539
534
539
530
536
536
533
537
528
536
531
536
532
527
536
529
535
527
531
532
528
535
524
530
529
532
529
524
532
525
532
527
524
529
524
532
520
527
527
523
529
519
526
525
526
524
518
527
520
526
522
518
525
520
525
517
521
522
518
525
514
520
521
518
522
513
520
517
520
518
512
521
514
520
515
511
520
512
518
514
511
517
512
518
510
513
514
510
518
506
514
512
509
516
505
512
513
507
514
504
510
510
509
511
505
509
508
509
508
502
509
505
509
506
501
509
502
509
504
499
508
501
508
502
498
507
500
506
501
496
507
498
505
500
495
504
498
504
499
493
504
495
503
497
492
502
495
501
496
491
500
494
499
495
490
499
492
498
494
489
496
492
496
493
488
494
493
492
493
486
492
493
489
494
483
491
492
487
494
482
490
489
486
492
482
488
488
484
489
484
483
488
483
487
484
479
488
481
487
482
478
486
481
483
483
476
482
483
478
485
474
481
480
478
482
475
477
480
476
479
477
472
480
474
479
475
471
476
477
472
479
467
475
474
471
477
469
471
475
468
474
471
465
473
470
470
472
463
471
469
466
472
464
466
470
463
470
465
462
467
465
464
468
459
465
464
461
466
461
458
465
459
463
462
455
461
461
457
463
455
456
462
454
460
457
452
457
458
452
460
450
453
456
450
457
451
448
451
453
446
445
448
447
438
446
443
441
445
441
436
443
442
438
445
436
437
443
435
442
439
434
439
438
436
440
436
432
437
438
435
439
433
431
438
434
434
438
428
434
436
430
435
434
427
434
432
430
434
430
427
431
432
428
433
428
426
430
431
426
432
426
424
430
427
425
432
422
425
429
423
426
429
419
425
427
421
427
425
419
423
425
420
425
423
417
423
422
420
424
420
416
421
421
418
422
419
414
420
419
417
420
417
414
418
417
415
419
415
412
416
416
413
418
413
410
415
415
411
416
412
408
414
413
409
415
411
405
411
412
407
412
411
404
408
411
405
408
411
403
404
410
404
405
409
403
406
404
403
406
403
403
404
405
402
402
