336
338
337
339
344
343
337
335
337
337
338
342
343
340
335
337
337
337
339
344
342
335
336
337
337
339
344
343
338
335
337
337
337
342
344
340
335
336
337
338
340
343
342
336
334
338
339
337
343
342
340
336
336
337
336
342
344
342
335
336
337
337
340
344
343
338
333
338
338
337
342
344
339
336
337
337
337
340
344
342
336
335
338
337
339
343
344
339
334
337
338
337
341
345
341
335
336
338
339
340
343
0
342
337
335
337
339
337
344
344
340
335
337
337
337
341
344
342
337
335
340
337
340
346
343
339
335
338
338
339
343
345
341
337
337
339
0
338
342
345
343
337
338
338
339
341
346
345
340
336
339
339
340
345
347
342
337
339
342
339
342
346
344
339
338
340
340
342
346
347
341
336
340
342
339
345
347
342
339
339
341
339
343
347
344
339
339
340
341
343
347
346
341
337
341
340
341
347
347
344
338
341
342
341
344
348
347
340
340
342
341
346
348
347
341
339
342
342
343
348
348
344
339
342
341
343
347
349
346
340
341
343
342
347
349
346
341
341
344
343
345
350
348
343
340
342
344
343
348
350
345
341
342
342
342
348
349
347
342
341
343
342
345
349
347
343
340
343
342
344
349
348
344
340
341
343
341
349
0
340
0
342
347
350
346
341
341
344
343
345
348
347
342
341
343
343
344
350
349
344
342
343
344
345
350
353
349
344
346
347
347
354
356
355
350
354
355
355
362
366
364
361
362
365
365
372
375
373
367
371
373
376
383
383
377
377
381
382
387
391
389
385
387
389
390
400
397
392
392
396
396
402
406
400
395
401
403
406
411
408
404
404
408
411
416
415
407
411
412
416
422
419
413
415
419
421
426
424
418
420
423
426
431
428
422
427
428
431
438
431
428
432
432
440
442
432
435
437
438
448
443
438
439
443
446
451
447
441
447
446
456
456
446
451
450
455
461
459
450
456
457
464
465
457
459
460
467
470
467
461
467
467
478
475
466
471
474
480
482
474
476
479
483
491
479
483
484
489
495
488
486
489
494
501
494
490
495
497
506
500
494
498
502
510
504
496
503
506
513
505
503
504
510
516
508
506
509
514
521
509
511
513
517
524
512
514
519
524
523
516
517
521
531
526
517
523
525
534
528
523
525
531
539
527
528
532
538
539
528
536
534
546
540
533
537
542
552
538
539
543
551
550
539
546
547
556
547
547
550
555
557
546
552
553
564
553
553
554
560
563
551
558
559
568
559
556
563
568
567
558
562
565
574
562
562
566
575
570
563
567
571
0
579
565
569
570
580
571
569
573
579
580
568
573
577
585
573
574
576
588
580
575
579
586
585
574
579
583
591
580
581
584
591
584
583
583
594
590
582
586
592
595
582
587
591
599
586
589
593
603
590
589
593
603
596
590
595
604
600
591
596
602
605
593
599
601
609
594
600
601
610
599
600
601
612
603
601
604
613
605
603
605
614
610
603
606
616
614
604
609
616
617
606
609
618
620
608
614
620
624
609
614
620
625
611
617
620
627
614
618
620
630
614
619
622
629
618
619
624
632
619
621
625
634
621
622
626
636
620
625
628
636
621
626
628
637
624
627
630
638
625
629
632
639
625
0
639
628
630
637
641
627
631
638
641
629
632
640
642
629
634
643
641
630
634
644
640
633
636
646
640
634
637
648
639
635
639
650
639
637
640
652
638
639
642
653
637
640
644
651
637
643
647
652
638
642
650
651
640
643
651
649
641
643
654
648
642
644
657
647
644
648
658
646
0
646
649
660
644
647
652
661
644
648
656
658
645
649
659
654
647
650
662
652
650
653
664
650
650
656
666
649
655
660
665
651
655
663
661
0
651
656
668
658
654
658
670
657
656
660
671
655
658
664
669
658
659
669
665
657
662
672
664
663
664
673
661
664
669
674
663
665
676
669
662
668
680
668
667
673
681
667
669
676
679
667
670
682
676
670
674
686
672
672
677
686
670
674
685
681
672
677
692
677
675
681
691
677
678
688
683
676
682
694
681
681
685
694
681
683
692
687
684
686
699
682
687
693
698
685
687
701
691
690
693
704
688
692
702
699
690
695
708
694
695
702
706
694
698
712
701
698
703
713
700
701
713
706
701
708
718
703
705
717
712
707
713
722
707
710
722
717
712
717
727
711
714
726
720
717
721
733
717
719
733
725
721
727
735
721
723
741
725
726
738
737
728
735
746
731
733
746
740
736
741
752
735
740
756
740
742
754
749
744
751
761
745
749
768
749
753
766
760
756
764
772
756
765
780
764
765
783
769
770
783
778
773
783
789
776
784
796
780
786
802
787
788
808
792
795
811
803
799
0
815
812
805
823
818
813
828
826
820
833
835
826
840
841
833
846
847
840
853
851
843
859
857
852
863
859
854
869
859
859
875
864
861
880
867
869
884
869
873
885
869
879
885
877
891
890
888
901
891
891
906
895
898
911
897
906
910
902
915
909
910
927
914
918
932
921
934
932
931
946
935
940
953
943
954
953
956
967
955
967
972
966
982
972
977
987
977
993
988
991
1004
991
1002
997
996
1006
991
1004
999
997
1014
999
1010
1005
1003
1017
0
1010
1011
1028
1011
1030
1017
1025
1035
1024
1040
1024
1036
1037
1027
1045
1026
1037
1032
1027
1041
1026
1040
1028
1030
1037
1023
1040
1023
1032
1030
1022
1040
1021
1033
1026
1023
1036
1019
1035
1022
1021
1031
1018
1033
1017
1025
1025
1015
1032
1015
1023
1020
1016
1029
1011
1023
1017
1012
1025
1008
1022
1013
1010
1020
1006
1021
1008
1009
1017
1005
1020
1004
1009
1014
1001
1018
1003
1006
1013
997
1018
1001
1004
1008
997
1014
997
1003
1006
995
1011
995
1002
1003
990
1011
992
998
1001
989
1006
991
996
999
987
0
1004
988
993
997
986
1001
987
989
997
983
999
984
985
996
981
995
0
994
979
991
985
979
0
0
976
0
983
973
0
983
970
986
972
0
969
983
973
0
966
977
0
982
966
971
974
963
979
965
966
0
975
966
960
976
958
968
968
956
974
959
961
970
956
970
959
956
969
954
0
952
969
0
965
949
964
955
949
966
948
956
0
962
949
948
960
946
954
952
943
961
944
946
955
942
954
947
940
956
940
945
950
938
953
942
938
951
937
944
944
935
950
939
933
950
933
940
943
930
947
935
932
945
929
939
939
929
942
933
927
942
927
933
937
924
939
930
923
940
923
929
935
921
934
928
921
936
922
923
932
918
929
0
934
920
917
932
915
0
913
927
922
0
914
916
924
911
921
918
908
925
913
909
925
907
913
920
905
0
904
921
908
906
919
904
909
915
902
913
909
899
916
904
900
0
0
905
911
895
908
906
895
911
901
895
911
896
898
907
893
903
904
890
907
898
888
907
892
891
906
890
893
901
887
898
896
885
901
892
8
84
901
886
885
902
883
888
897
879
892
892
880
894
887
878
895
882
879
898
878
880
892
877
883
889
873
884
886
872
888
881
871
888
877
873
888
872
872
887
871
875
884
866
878
880
866
880
875
865
881
872
863
881
867
865
881
865
863
880
864
865
876
860
868
874
857
869
871
858
0
855
872
864
854
871
861
854
871
857
856
871
854
853
871
853
853
869
851
855
866
848
856
864
846
855
864
844
856
861
844
856
856
844
858
853
843
858
850
841
859
848
841
857
846
840
858
844
838
856
843
838
856
840
839
855
838
836
855
836
836
853
835
834
853
833
833
853
831
833
851
830
831
851
830
830
848
829
830
847
827
828
847
826
827
845
825
826
846
824
824
844
822
824
843
821
823
842
820
821
840
819
821
841
817
819
838
817
817
836
817
816
835
818
814
833
818
813
830
818
810
829
818
809
828
818
808
826
818
808
823
817
807
819
817
807
817
819
803
814
820
803
812
819
803
808
819
803
805
821
801
801
822
800
800
820
801
797
817
804
795
815
804
793
812
806
795
806
806
794
802
810
791
800
808
792
794
812
791
790
812
790
789
808
794
786
806
795
786
801
796
786
795
800
784
792
801
784
786
804
783
783
803
784
780
800
787
778
796
789
779
789
794
776
785
795
778
777
798
776
776
795
781
772
792
783
774
783
0
780
788
773
771
793
771
769
789
776
0
778
768
776
783
765
0
767
765
786
769
762
783
770
763
774
0
769
780
0
781
765
0
766
759
767
0
762
776
757
757
776
761
752
771
0
764
769
754
755
774
754
750
772
758
750
761
764
750
754
769
749
748
768
754
745
761
759
746
753
763
746
745
766
749
741
759
754
742
751
759
743
742
761
748
738
755
752
738
748
756
739
738
758
744
735
750
749
736
740
756
736
734
754
742
733
744
747
734
734
753
735
729
749
738
731
739
745
731
730
749
0
735
726
740
741
728
728
748
729
723
743
734
724
733
740
725
725
742
728
722
733
736
724
721
741
726
717
734
732
719
722
739
721
715
735
726
717
0
718
716
734
0
724
729
715
714
731
719
711
723
725
713
711
730
717
709
720
724
711
709
726
715
707
717
721
709
707
725
711
705
716
718
706
706
723
709
705
712
716
704
703
720
707
700
711
715
701
700
717
705
698
707
715
699
697
714
706
696
702
714
699
693
709
706
695
696
713
698
691
704
706
693
692
710
697
689
700
706
690
689
707
697
688
693
707
691
685
699
700
687
687
704
691
686
693
700
685
683
700
694
682
685
702
687
680
692
694
682
681
697
686
679
684
697
682
677
688
692
679
677
694
682
676
681
693
679
673
684
689
676
674
690
679
673
677
690
675
670
682
684
672
670
686
677
669
672
686
673
667
0
668
666
681
676
667
666
682
671
663
671
682
666
661
674
676
663
661
678
670
661
663
0
678
665
659
666
676
661
657
670
670
659
657
672
667
656
657
672
662
654
661
672
657
652
663
668
655
651
665
664
653
652
666
659
650
652
0
667
654
648
655
667
651
647
656
662
649
645
657
659
647
645
660
655
646
645
660
650
643
645
660
647
642
645
660
645
640
648
656
642
638
649
653
640
637
649
651
639
635
651
648
637
636
652
644
636
635
650
641
634
635
651
637
633
635
649
636
631
636
649
635
629
635
647
634
627
635
0
627
634
643
630
625
0
627
624
634
639
626
623
634
637
625
621
633
0
621
632
634
622
619
631
633
621
619
629
632
620
617
628
631
619
615
628
629
618
614
626
628
618
613
0
616
612
622
627
615
610
621
0
609
618
626
613
608
616
625
612
607
614
625
611
0
0
606
609
623
0
606
622
0
604
620
610
603
602
616
611
602
600
613
612
602
599
611
613
601
598
607
613
601
597
603
612
600
596
599
613
600
596
596
612
601
594
593
608
603
593
592
604
603
595
590
601
606
593
589
0
593
588
591
606
594
589
587
603
595
0
598
597
589
584
593
0
584
586
601
588
583
584
599
589
583
580
594
592
583
579
589
595
581
578
582
596
584
579
578
591
585
578
576
587
589
578
575
579
591
578
574
575
590
582
573
571
584
585
574
571
576
587
574
570
571
586
577
569
568
579
581
572
566
572
583
571
567
566
582
573
566
565
574
580
566
563
565
582
569
563
561
575
572
565
560
567
576
564
560
560
575
567
0
567
573
560
556
559
574
563
556
555
567
569
557
553
557
571
560
554
552
565
565
556
551
555
568
557
552
0
562
553
548
552
0
550
0
560
551
0
563
552
546
544
556
559
547
0
561
550
544
542
553
556
545
541
544
557
548
541
541
547
554
543
541
538
552
549
541
538
540
554
543
537
535
547
550
538
534
537
550
542
536
534
539
548
537
535
531
544
544
536
530
533
547
537
531
530
537
543
534
530
527
540
540
531
526
529
543
533
0
531
540
531
526
523
535
537
526
524
524
537
531
526
521
524
538
528
521
520
528
534
525
520
518
530
531
521
519
519
530
527
520
516
518
532
524
516
516
519
530
520
0
522
525
0
505
0
502
500
0
507
496
494
490
503
504
494
494
489
501
0
0
500
500
493
489
487
0
493
487
485
494
499
492
486
485
490
499
490
485
484
486
499
488
485
482
483
497
488
485
479
482
493
490
482
479
479
489
491
480
478
475
486
487
479
474
473
479
486
477
473
471
473
485
478
474
467
471
480
481
470
470
465
479
478
473
0
470
0
469
464
466
478
473
465
463
461
473
472
465
461
460
464
474
465
462
456
459
468
469
459
458
454
464
467
461
457
454
455
466
463
454
454
0
462
458
452
450
453
0
452
451
0
0
0
449
0
0
0
454
0
0
448
453
446
0
439
450
0
0
440
0
437
0
442
0
438
0
0
437
433
0
444
442
433
433
430
433
443
435
431
0
437
438
433
429
426
425
437
435
430
426
423
426
435
434
427
0
424
434
433
423
423
422
424
433
430
422
422
419
424
432
426
422
420
417
424
431
423
421
418
415
425
428
422
419
416
413
425
426
420
418
414
412
424
424
419
417
410
409
419
420
415
413
409
407
417
420
413
411
409
405
415
418
412
409
408
404
412
419
411
407
406
405
408
416
412
405
405
402
0
412
404
0
403
411
411
0
399
401
410
0
401
398
397
408
409
402
400
399
395
401
0
396
395
0
403
402
396
392
392
393
401
401
395
394
390
388
398
401
396
391
390
389
390
399
398
390
389
387
387
398
396
391
389
386
384
391
397
392
387
385
384
385
394
393
387
387
382
379
388
392
387
382
382
380
381
387
389
381
381
378
375
384
387
385
378
376
377
376
385
385
380
379
377
374
379
385
383
377
376
374
373
383
383
377
375
373
373
374
380
382
376
373
369
367
372
378
377
369
368
367
365
375
376
371
0
364
366
373
373
368
365
363
362
0
370
365
0
359
365
368
368
0
359
357
362
0
0
356
356
361
367
364
359
356
355
353
360
363
363
357
355
353
351
358
362
361
355
354
351
349
356
360
359
353
352
350
348
352
358
358
352
350
348
347
351
356
356
351
349
347
345
348
355
354
349
348
345
345
345
352
352
348
344
344
342
342
349
351
348
343
341
341
339
344
349
348
342
341
338
338
340
346
346
341
339
338
337
336
345
345
342
337
336
334
334
339
343
342
337
335
334
332
334
340
340
337
333
332
331
331
336
339
338
332
333
330
0
336
337
332
0
327
326
332
335
334
0
327
0
331
333
330
326
325
0
326
330
330
0
0
321
326
330
328
323
322
320
319
319
326
327
325
321
319
318
316
319
324
325
322
318
317
316
315
318
323
323
319
315
315
313
312
317
320
320
316
313
313
311
310
0
319
314
311
311
310
308
313
317
316
0
309
308
306
311
0
310
308
307
306
305
309
313
0
306
0
303
306
0
306
0
300
0
308
0
302
0
298
299
304
0
301
0
297
297
0
304
0
297
296
294
297
301
0
0
294
292
293
0
300
296
0
292
0
298
298
0
291
290
289
290
294
0
292
289
290
0
0
293
291
287
287
285
284
284
287
292
290
289
284
284
283
282
283
285
290
289
285
282
283
281
279
281
285
287
286
283
281
280
279
278
279
284
285
283
280
279
278
277
276
278
282
283
281
278
276
276
276
273
276
280
281
279
276
275
274
273
272
273
277
278
277
273
272
272
271
269
270
274
275
276
273
270
270
268
267
268
271
274
275
271
268
267
266
266
266
268
272
272
270
267
265
265
265
264
265
0
269
266
264
264
262
0
264
268
0
261
261
0
258
0
265
264
0
259
0
257
260
264
263
0
257
257
256
255
254
259
261
261
259
255
254
253
254
253
254
257
258
258
256
253
253
250
251
0
255
257
255
253
251
251
249
248
249
251
255
255
255
251
250
250
248
248
248
251
253
253
252
251
250
249
246
246
247
249
252
251
251
249
247
247
244
244
245
246
249
250
249
247
245
244
242
243
0
0
249
245
242
242
241
242
240
240
243
246
246
243
241
240
0
238
237
241
243
243
242
240
239
0
237
235
237
239
0
239
0
236
233
0
235
239
0
236
0
0
229
231
234
236
236
0
233
234
231
0
233
234
236
238
234
231
232
231
229
229
229
231
233
234
236
233
230
231
231
229
227
228
232
233
233
233
231
0
227
228
225
0
232
230
230
230
225
225
226
225
223
224
227
229
228
229
226
224
223
223
223
221
221
224
226
225
227
224
221
220
222
219
219
219
221
222
224
225
221
220
219
218
217
218
218
218
223
227
225
224
222
221
220
219
219
218
217
222
223
222
223
221
218
217
219
215
216
217
217
218
222
221
