403
404
406
404
411
407
405
411
413
413
416
414
412
416
418
420
423
420
418
422
425
425
430
427
425
430
432
431
436
433
431
438
438
439
443
435
440
444
443
449
445
443
447
450
450
456
451
449
459
453
461
458
454
460
464
461
468
463
463
469
469
473
470
467
475
474
478
480
473
479
483
481
488
480
485
488
488
494
485
491
494
494
497
492
493
497
495
499
495
493
499
499
502
498
498
504
499
507
501
499
507
507
508
504
505
510
506
514
504
510
512
510
517
507
514
516
514
521
511
517
520
519
520
514
521
521
524
521
516
527
522
526
523
520
527
524
531
520
527
532
530
535
524
532
533
538
533
527
538
534
541
534
536
540
538
544
535
543
542
547
542
539
550
549
551
542
548
551
558
552
547
557
553
561
551
557
562
561
559
555
565
564
568
558
565
566
575
568
565
573
571
578
567
579
574
580
572
577
582
584
581
578
585
586
588
580
591
587
597
584
592
593
598
589
596
599
601
597
596
601
602
600
597
606
601
606
598
609
605
612
598
612
605
616
602
613
610
617
606
614
612
619
609
616
618
619
613
615
617
623
615
620
620
627
619
621
623
627
621
623
627
631
623
627
629
634
625
629
633
636
628
632
635
638
629
636
637
641
631
640
639
646
633
643
641
647
635
647
644
650
637
650
644
650
641
654
649
651
644
653
655
649
649
654
657
648
655
654
661
649
660
655
663
648
661
660
663
655
664
663
661
660
663
668
658
665
665
670
657
668
664
672
660
672
670
668
665
670
674
665
672
670
680
663
679
672
678
670
678
678
675
676
678
686
672
683
677
685
673
684
683
680
682
685
691
678
690
682
689
680
692
692
685
691
692
698
682
696
693
695
690
697
700
690
700
695
702
691
703
701
694
701
700
706
691
706
704
702
699
705
710
696
708
705
707
702
707
712
701
711
708
712
704
711
714
706
716
711
717
709
716
718
710
720
713
721
712
719
723
713
725
721
726
720
727
730
718
730
728
729
726
730
738
723
737
736
730
737
736
743
732
743
745
733
746
743
744
741
748
752
739
755
752
745
756
755
755
752
760
763
750
765
765
754
768
767
761
769
768
776
765
775
780
766
782
784
771
786
785
780
788
789
788
788
793
798
787
800
802
791
805
809
798
811
817
799
819
823
806
825
827
814
831
834
824
838
840
831
845
846
837
855
856
843
862
865
850
867
874
858
874
879
869
882
887
880
888
887
894
898
889
906
907
896
911
916
905
919
919
922
927
922
937
940
924
943
944
944
949
942
963
960
948
970
963
971
975
963
985
978
983
987
979
999
997
994
1002
994
1014
1010
1004
1015
1009
1029
1021
1021
1034
1022
1039
1031
1042
1043
1032
1054
1041
1055
1055
1052
1063
1050
1070
1063
1075
1074
1069
1083
1071
1090
1079
1092
1092
1087
1100
1088
1109
1095
1116
1107
1116
1118
1113
1128
1112
1132
1118
1139
1130
1142
1137
1141
1146
1139
1159
1141
1164
1147
1165
1158
1170
1169
1173
1172
1174
1179
1175
1184
1172
1185
1172
1187
1171
1183
1170
1184
1174
1185
1182
1184
1181
1179
1181
1177
1181
1175
1186
1178
1191
1176
1189
1178
1187
1179
1188
1180
1184
1181
1181
1182
1176
1182
1176
1184
1172
1183
1172
1182
1171
1180
1172
1180
1172
1177
1170
1174
1171
1168
1175
1168
1175
1165
1173
1163
1173
1161
1172
1164
1171
1163
1169
1164
1161
1166
1160
1168
1157
1167
1156
1165
1155
1165
1159
1162
1158
1160
1158
1153
1159
1151
1162
1150
1160
1148
1158
1151
1157
1154
1155
1154
1147
1154
1145
1155
1145
1156
1142
1153
1145
1148
1148
1148
1149
1142
1148
1138
1149
1140
1148
1140
1148
1138
1142
1142
1137
1146
1135
1143
1134
1142
1136
1143
1137
1140
1137
1134
1137
1129
1139
1131
1138
1128
1137
1131
1136
1136
1129
1134
1124
1136
1125
1134
1128
1133
1125
1127
1128
1124
1132
1121
1130
1119
1130
1124
1128
1125
1122
1123
1116
1126
1118
1126
1117
1122
1119
1120
1122
1118
1121
1111
1123
1113
1124
1115
1119
1115
1111
1117
1108
1121
1108
1116
1109
1115
1115
1110
1114
1104
1114
1105
1116
1109
1111
1107
1104
1110
1101
1114
1099
1109
1103
1109
1108
1102
1105
1098
1107
1101
1107
1102
1101
1100
1094
1106
1095
1103
1095
1100
1103
1097
1101
1090
1102
1091
1102
1096
1097
1094
1090
1096
1090
1098
1088
1093
1094
1091
1096
1085
1094
1085
1097
1089
1091
1088
1083
1090
1082
1093
1083
1086
1087
1083
1089
1080
1086
1081
1088
1086
1081
1085
1074
1086
1078
1086
1078
1078
1081
1073
1086
1071
1082
1077
1080
1080
1070
1081
1069
1082
1074
1077
1072
1067
1079
1067
1079
1068
1072
1074
1068
1074
1063
1076
1069
1073
1069
1061
1073
1062
1074
1065
1066
1066
1059
1073
1057
1068
1064
1065
1067
1055
1066
1058
1068
1063
1058
1062
1053
1066
1056
1061
1059
1055
1062
1053
1060
1054
1062
1057
1051
1057
1049
1061
1054
1054
1054
1045
1058
1048
1056
1051
1048
1054
1045
1053
1048
1053
1052
1042
1053
1048
1044
1048
1039
1051
1041
1046
1046
1040
1047
1036
1048
1043
1043
1042
1034
1045
1040
1044
1041
1034
1042
1033
1044
1036
1035
1041
1030
1041
1034
1039
1037
1029
1038
1030
1039
1035
1029
1034
1028
1037
1029
1031
1032
1024
1036
1027
1032
1031
1023
1031
1022
1033
1029
1023
1027
1021
1030
1024
1024
1027
1017
1028
1020
1026
1025
1016
1026
1018
1026
1022
1015
1022
1015
1024
1020
1014
1020
1013
1025
1014
1015
1020
1010
1020
1014
1018
1017
1006
1018
1012
1017
1012
1004
1017
1010
1014
1010
1004
1017
1006
1013
1010
1004
1013
1004
1012
1010
1002
1008
1001
1012
1005
1000
1007
999
1009
1003
998
1007
997
1006
1004
999
1002
995
1006
1002
995
999
994
1005
999
993
999
993
1002
995
992
999
991
999
998
989
996
989
998
994
984
998
988
996
990
983
996
987
991
989
982
994
986
991
988
979
990
986
988
985
979
991
984
982
985
978
989
982
978
986
976
986
982
976
984
976
984
980
971
983
977
980
978
970
981
975
975
976
970
980
975
970
976
968
979
975
964
975
970
976
970
964
974
969
970
968
963
976
968
963
970
962
973
967
957
969
965
967
964
958
969
966
959
964
958
967
962
953
966
959
963
960
952
965
961
956
957
954
963
957
948
961
957
956
956
950
961
956
949
957
950
957
954
944
956
955
950
949
946
956
950
942
953
949
948
947
943
954
951
939
950
946
949
944
936
951
947
937
945
942
947
941
934
949
944
936
943
938
944
941
932
943
942
935
938
934
944
937
927
941
938
932
936
932
940
934
925
939
937
926
934
931
936
931
922
937
935
923
932
928
932
927
921
935
930
919
932
927
926
925
920
932
928
915
928
928
921
923
919
928
921
914
928
924
913
924
921
921
919
912
926
922
909
922
921
914
916
915
922
915
908
922
918
904
918
916
912
914
908
918
912
902
919
914
903
912
913
911
909
905
915
908
898
914
911
898
910
909
905
906
902
911
905
895
910
908
896
905
906
900
902
900
905
901
894
909
903
891
904
903
891
900
899
898
898
891
903
897
886
903
900
885
898
899
889
893
894
895
893
887
898
892
882
897
895
881
894
894
884
888
890
891
888
882
894
887
877
895
889
876
891
889
876
887
888
882
883
882
888
883
875
889
882
872
887
887
870
884
884
871
881
884
874
879
877
879
877
872
881
877
867
883
878
864
880
879
866
876
878
865
875
876
868
872
872
871
871
866
873
870
863
875
870
859
875
872
857
872
872
857
870
870
857
868
870
860
864
867
862
862
861
865
863
857
866
861
855
867
861
851
869
861
849
866
863
848
863
862
848
861
862
848
859
860
848
857
859
850
854
857
853
851
854
854
852
849
855
850
848
856
850
845
855
850
843
854
849
841
854
848
839
854
848
837
854
848
835
852
848
835
851
848
833
849
847
832
847
847
831
845
847
832
843
846
832
841
844
832
840
844
830
841
843
829
840
840
828
839
840
828
837
839
827
835
839
828
836
837
826
834
836
825
833
835
823
833
834
822
832
833
821
832
832
819
831
832
818
829
832
817
829
832
815
829
830
814
829
828
814
830
826
813
830
823
811
829
822
812
828
820
812
826
819
813
823
820
812
822
818
812
822
816
812
821
814
813
817
812
816
812
813
816
809
814
815
807
813
816
805
812
817
802
813
815
799
814
813
799
817
808
800
815
806
802
812
806
802
809
806
801
807
804
805
802
803
806
799
805
806
796
804
807
793
805
804
789
808
802
791
804
801
793
803
799
794
801
794
799
795
795
799
791
797
800
787
798
798
783
800
795
784
799
792
786
795
791
789
793
789
794
785
791
793
783
790
794
779
793
789
779
793
787
781
790
786
784
785
783
789
779
787
788
775
787
787
772
789
783
775
787
780
778
782
779
783
774
781
783
769
783
780
768
784
777
771
781
775
777
774
775
779
768
776
780
763
780
775
766
778
772
770
773
769
776
766
772
775
760
776
771
762
774
768
766
769
766
771
762
768
772
756
773
765
760
770
763
764
762
764
767
756
766
767
752
769
761
757
766
759
764
757
761
765
750
766
759
753
764
757
757
755
758
762
749
760
758
749
761
756
751
756
754
757
749
755
758
743
759
752
748
754
749
755
745
753
755
740
756
749
745
753
747
752
741
751
751
737
753
746
742
747
746
749
739
747
747
737
750
742
743
741
743
747
734
748
741
735
746
737
744
734
742
745
729
745
739
734
741
738
741
732
740
739
730
742
734
737
732
737
740
724
741
734
730
736
732
735
726
736
733
726
736
728
734
726
731
735
728
728
726
729
732
718
722
730
725
729
718
732
725
719
729
722
727
718
726
726
715
727
719
725
717
722
725
713
725
718
722
715
721
724
709
725
718
719
714
719
722
707
722
716
716
712
716
720
706
719
715
713
710
714
719
704
717
711
712
708
712
716
702
715
711
711
706
710
714
700
712
707
710
704
708
712
700
710
704
710
700
709
707
700
709
703
707
696
709
706
697
703
703
707
692
708
702
700
699
701
706
692
703
698
702
694
700
701
692
701
695
703
688
701
699
695
696
702
685
699
693
696
690
695
696
688
696
691
696
683
697
693
687
689
691
696
681
692
688
692
683
691
690
682
688
689
693
676
691
686
687
681
686
689
679
689
683
690
675
688
684
684
679
683
685
675
684
681
686
672
684
681
680
676
680
682
673
680
678
683
669
681
676
680
672
680
679
671
676
676
680
666
678
673
677
667
677
675
670
669
673
676
665
674
671
676
661
674
670
673
664
672
671
664
