404
404
404
402
406
405
404
405
408
404
407
410
407
408
410
409
408
413
408
411
413
411
411
413
412
414
414
414
415
416
415
418
418
418
419
420
419
422
421
421
422
425
421
424
425
426
425
429
426
429
430
427
429
431
430
433
433
430
435
434
432
437
434
436
439
435
440
439
438
439
442
440
441
445
440
445
443
444
448
445
448
448
446
450
451
449
451
456
449
457
454
455
458
458
458
461
459
461
462
463
468
465
467
468
468
471
473
471
476
473
477
479
477
480
481
483
485
484
484
489
486
492
489
491
495
492
499
494
497
500
496
504
499
502
504
502
509
504
506
510
507
512
509
510
513
512
515
514
514
517
518
518
517
522
519
521
525
520
525
524
525
526
527
527
527
533
529
530
533
533
534
532
537
535
538
539
537
539
540
544
541
542
543
547
547
544
549
546
551
549
549
554
551
556
551
556
556
556
557
559
559
560
561
559
565
560
566
562
564
567
567
569
566
568
570
573
570
573
570
575
576
574
578
575
578
576
579
579
584
579
582
581
584
584
585
585
588
589
586
590
587
591
589
592
592
594
592
596
594
596
595
597
595
597
598
597
599
598
599
599
602
598
602
599
605
601
605
601
605
607
607
604
606
610
610
610
609
613
611
612
613
609
616
614
615
614
616
617
618
617
619
619
619
618
623
622
622
622
624
625
623
627
625
626
624
627
628
629
626
632
626
631
629
628
631
631
631
630
632
633
633
635
634
635
634
636
635
635
637
638
636
637
639
640
640
638
642
637
644
640
644
640
645
640
644
641
647
643
645
646
648
647
650
646
650
649
649
649
650
651
651
653
652
657
651
657
654
656
655
658
656
658
654
660
656
658
657
659
657
658
659
659
660
657
663
659
660
661
664
660
662
665
665
663
664
667
667
666
666
670
666
668
665
669
666
668
669
672
671
670
671
673
674
673
675
672
675
672
676
673
680
675
678
676
676
682
680
683
677
684
680
683
680
682
680
685
685
684
685
680
689
685
688
688
688
688
692
690
689
692
689
694
691
691
693
694
695
692
697
693
698
694
698
694
696
701
696
700
697
702
699
698
703
703
703
700
705
703
707
704
707
707
705
709
706
709
706
708
710
710
713
709
713
712
712
714
716
718
714
720
718
719
720
720
723
720
724
722
725
726
725
730
728
728
731
732
732
731
738
733
736
741
735
741
740
741
743
742
747
744
746
749
748
752
751
752
753
753
757
756
756
762
758
763
764
764
767
767
773
768
773
775
774
774
782
776
782
782
784
786
789
789
791
792
799
794
799
805
800
807
812
809
812
818
815
820
828
822
826
835
829
835
842
839
843
848
844
849
857
853
856
863
860
866
870
866
871
877
875
879
882
884
888
889
891
894
891
895
903
897
901
908
906
906
910
912
916
915
917
926
921
924
932
929
935
935
940
945
940
947
953
953
953
958
959
967
961
965
968
970
976
973
976
980
983
985
986
989
994
996
998
1000
1005
1005
1007
1012
1014
1019
1020
1018
1019
1024
1027
1027
1031
1028
1034
1036
1039
1044
1043
1045
1047
1051
1052
1058
1060
1057
1064
1063
1070
1068
1073
1078
1073
1082
1079
1084
1090
1095
1095
1100
1102
1105
1105
1113
1114
1114
1122
1118
1124
1126
1130
1130
1135
1139
1139
1146
1142
1152
1148
1154
1153
1163
1159
1165
1165
1171
1175
1172
1179
1178
1184
1182
1187
1186
1189
1186
1191
1189
1196
1194
1196
1195
1198
1198
1202
1203
1202
1206
1204
1203
1204
1204
1203
1206
1206
1214
1207
1209
1209
1209
1208
1208
1208
1208
1211
1214
1213
1214
1212
1217
1214
1219
1214
1215
1214
1215
1213
1212
1213
1213
1212
1211
1210
1210
1208
1210
1207
1208
1208
1207
1206
1205
1204
1205
1202
1204
1203
1202
1202
1200
1200
1199
1201
1199
1199
1199
1196
1197
1197
1194
1197
1195
1194
1191
1193
1191
1190
1191
1190
1190
1188
1189
1186
1187
1186
1187
1184
1186
1183
1186
1182
1182
1181
1183
1181
1180
1179
1180
1180
1178
1176
1178
1177
1177
1176
1174
1176
1173
1174
1172
1173
1172
1171
1170
1172
1170
1170
1168
1169
1170
1166
1169
1166
1167
1164
1165
1164
1163
1162
1163
1162
1161
1160
1162
1161
1158
1161
1159
1158
1156
1157
1156
1156
1157
1155
1153
1154
1154
1152
1155
1151
1152
1150
1151
1148
1149
1149
1148
1147
1148
1147
1146
1148
1144
1146
1144
1143
1144
1143
1142
1141
1142
1140
1142
1139
1140
1139
1139
1136
1139
1136
1135
1138
1134
1137
1134
1135
1133
1132
1132
1133
1130
1131
1131
1130
1131
1129
1130
1127
1127
1128
1125
1125
1126
1124
1126
1123
1124
1121
1124
1121
1121
1123
1119
1123
1118
1121
1117
1117
1118
1116
1117
1115
1117
1116
1115
1114
1114
1113
1112
1113
1111
1114
1110
1112
1109
1108
1109
1108
1108
1108
1108
1108
1107
1105
1105
1105
1103
1105
1103
1106
1101
1102
1101
1100
1101
1099
1101
1098
1102
1096
1100
1095
1098
1096
1095
1098
1095
1096
1094
1092
1094
1090
1094
1091
1095
1089
1092
1088
1090
1088
1088
1090
1087
1088
1085
1086
1085
1085
1085
1085
1085
1083
1082
1083
1080
1083
1081
1084
1078
1080
1079
1076
1081
1076
1081
1075
1077
1075
1076
1075
1074
1078
1072
1075
1070
1073
1073
1070
1075
1068
1071
1068
1068
1069
1068
1071
1066
1068
1065
1066
1066
1064
1068
1062
1064
1064
1061
1064
1061
1063
1061
1059
1061
1058
1060
1060
1059
1056
1058
1056
1056
1058
1054
1057
1053
1053
1054
1053
1055
1051
1053
1051
1049
1052
1050
1052
1047
1049
1048
1047
1050
1046
1047
1045
1045
1046
1044
1046
1044
1042
1043
1042
1044
1041
1043
1038
1040
1041
1038
1042
1038
1037
1038
1036
1038
1036
1038
1034
1034
1036
1034
1035
1031
1033
1032
1031
1035
1029
1030
1031
1027
1031
1029
1030
1026
1027
1028
1026
1028
1024
1026
1025
1023
1028
1022
1022
1023
1021
1023
1021
1022
1020
1018
1021
1020
1020
1016
1017
1020
1016
1018
1014
1016
1016
1014
1016
1013
1014
1012
1011
1016
1011
1011
1010
1010
1013
1008
1008
1009
1007
1011
1006
1006
1007
1005
1008
1004
1005
1005
1002
1006
1002
1004
1002
1000
1004
999
1002
1000
997
1002
997
999
998
996
1000
996
997
995
995
997
993
995
993
992
996
991
991
992
990
994
988
990
989
988
992
987
987
987
986
990
983
987
985
983
987
983
983
984
983
983
980
980
983
980
982
979
978
982
976
979
977
976
980
975
975
976
973
978
972
974
974
973
975
970
970
974
970
972
969
970
973
966
968
968
967
970
964
966
967
965
967
964
963
967
962
963
962
962
965
958
961
962
960
961
959
957
962
956
957
957
957
959
953
956
957
954
956
953
953
957
950
952
953
951
953
949
949
952
948
950
948
948
951
944
948
948
946
947
944
945
947
941
945
944
943
943
942
941
944
939
941
941
940
941
937
938
942
934
939
937
936
938
934
935
938
931
935
934
934
934
931
932
935
928
932
931
930
931
927
930
931
925
928
929
926
928
925
926
928
922
925
928
922
924
923
923
925
919
921
925
917
920
922
918
920
917
919
921
915
917
919
915
917
914
916
916
912
914
917
910
913
915
912
912
911
911
911
908
910
912
906
909
911
908
907
907
909
907
903
906
908
901
905
906
902
904
902
902
903
899
902
904
898
900
902
897
899
899
898
898
897
898
897
894
896
897
892
896
896
893
893
892
894
892
890
894
893
888
891
892
886
891
891
886
888
888
888
887
886
887
886
883
886
887
883
884
886
880
883
885
882
881
880
881
881
879
881
879
877
880
880
876
877
878
875
877
878
874
874
876
875
874
873
874
872
872
874
871
870
872
873
868
869
871
868
869
870
866
867
869
867
865
867
866
866
864
865
864
863
864
862
862
864
862
860
861
863
859
860
861
858
859
860
856
859
860
854
856
859
855
854
857
855
853
854
854
854
851
854
852
851
853
850
850
852
849
849
852
848
846
851
848
845
848
849
844
846
847
843
845
846
843
843
845
842
842
844
841
840
844
839
840
842
838
840
840
837
839
840
835
837
838
835
836
837
833
837
835
833
834
835
831
833
834
830
832
833
828
831
832
827
830
830
828
827
830
826
827
828
826
825
827
825
824
827
823
824
826
821
822
825
820
821
824
818
822
821
817
822
819
817
820
818
816
820
816
816
817
816
815
816
815
814
814
814
813
814
811
813
812
810
813
810
810
812
808
810
811
806
809
810
806
806
810
804
806
808
803
807
804
805
805
802
804
803
803
802
803
801
802
801
799
803
797
800
801
796
799
800
796
797
799
794
797
796
795
796
794
794
795
794
792
795
791
795
789
792
794
789
790
793
787
790
791
786
791
787
788
787
788
786
787
784
789
782
786
786
783
783
787
780
785
782
782
782
782
780
782
778
783
777
780
780
778
777
781
774
779
776
776
777
776
774
777
773
777
771
774
776
771
774
773
770
773
771
770
772
768
773
767
770
770
767
768
769
766
768
767
765
768
764
768
762
765
767
761
765
763
763
763
762
761
762
761
763
759
760
763
756
762
758
758
760
756
760
755
757
759
753
758
755
755
755
755
755
752
755
755
751
753
752
752
752
751
751
749
751
751
748
749
750
748
749
748
748
745
747
748
745
746
745
745
746
743
746
742
745
745
740
744
742
741
743
739
743
739
739
743
736
741
739
737
739
737
739
736
737
736
736
737
734
737
733
734
737
731
735
735
731
733
732
733
730
732
732
730
731
728
732
728
729
730
727
728
728
728
725
727
729
723
728
725
724
725
724
726
721
725
724
721
724
720
724
720
722
720
720
721
718
721
718
719
718
718
719
715
720
716
716
716
716
716
713
718
713
714
715
713
714
712
715
712
711
711
712
712
708
713
710
710
709
709
709
707
710
707
708
707
706
707
706
707
703
707
706
704
703
705
705
701
705
703
702
701
702
703
700
701
700
702
699
699
700
698
700
696
701
696
700
696
696
696
696
698
692
696
695
696
693
693
694
693
694
690
694
691
693
690
690
690
691
692
687
690
688
692
687
689
687
687
688
687
688
684
687
685
687
683
684
685
683
685
682
684
681
684
682
683
680
682
681
680
681
679
681
677
680
679
680
676
677
677
677
677
676
678
673
677
674
677
673
675
673
674
672
673
675
671
673
670
674
669
672
671
671
668
669
670
669
669
668
670
666
668
666
668
665
668
665
666
664
665
665
664
665
663
665
661
664
661
665
660
662
662
663
659
660
660
659
659
660
659
659
658
657
661
655
658
655
659
654
658
655
657
653
655
654
653
653
653
653
653
653
652
653
650
652
649
652
648
650
649
651
647
650
648
649
647
