403
403
403
405
406
403
406
405
406
408
406
407
410
408
410
411
409
411
409
412
414
413
413
412
414
414
415
417
415
416
417
414
420
418
416
418
419
421
420
422
421
422
423
422
425
425
424
425
424
427
429
430
428
428
431
429
434
433
430
434
436
432
438
434
434
437
436
441
439
437
439
438
440
442
443
440
442
445
443
448
445
444
448
446
450
449
449
448
453
452
453
455
452
457
453
459
458
457
458
461
458
464
463
462
465
465
468
469
466
469
472
472
476
473
474
476
476
482
480
481
481
483
486
487
484
489
487
492
492
488
494
493
496
497
494
499
496
501
502
497
503
500
506
506
502
508
505
509
511
505
511
509
511
514
510
513
514
515
516
514
516
517
522
517
519
521
519
525
521
522
526
526
527
524
528
527
531
532
528
530
532
536
533
534
536
536
539
536
539
538
542
543
540
542
544
548
544
544
546
550
549
545
551
549
553
550
552
555
554
556
552
556
556
559
557
556
559
561
561
557
563
559
565
561
561
565
566
566
563
564
567
571
566
567
566
571
572
569
571
569
574
569
573
572
575
572
572
575
576
578
574
574
575
582
578
580
577
582
581
581
580
583
585
583
583
581
589
584
590
583
590
587
590
587
589
588
588
593
590
592
590
593
590
595
591
597
591
600
595
597
594
600
595
595
598
602
599
597
602
600
602
599
604
602
605
598
605
605
607
602
607
603
610
605
608
605
612
605
608
609
612
609
609
608
615
611
610
612
616
614
613
614
615
617
615
616
616
618
617
620
617
620
617
623
620
621
619
622
622
623
619
626
624
627
622
626
623
626
623
628
624
627
624
630
626
628
625
631
629
631
629
628
630
632
629
631
630
632
630
631
635
633
632
632
635
635
632
633
636
635
634
637
636
638
638
638
639
637
638
639
642
638
642
636
645
638
643
638
645
640
642
641
646
642
642
645
646
643
645
647
649
645
647
647
648
647
651
648
649
650
649
652
650
653
648
654
649
654
651
658
651
654
655
658
654
654
656
656
655
658
657
657
656
660
660
656
658
658
662
656
661
662
663
659
663
661
662
660
663
666
662
662
662
668
662
664
663
669
664
664
665
666
665
668
668
667
667
666
674
667
670
669
673
670
671
669
672
669
675
674
672
676
671
678
672
678
676
678
674
674
681
678
679
676
682
678
682
679
682
677
683
682
683
685
682
685
680
684
687
687
682
684
689
686
687
685
690
686
692
689
690
688
688
695
691
692
690
695
690
693
693
695
692
694
699
694
698
695
698
694
700
700
697
697
698
706
698
700
701
702
702
702
707
703
706
705
707
708
705
710
705
708
710
711
710
712
716
710
712
715
714
714
717
720
714
719
719
718
719
717
722
718
723
721
722
724
720
726
722
726
728
728
728
727
735
729
730
736
730
734
735
736
734
736
740
736
740
740
741
743
740
748
742
746
752
744
751
750
751
752
751
758
752
755
761
754
760
762
762
762
764
768
765
769
773
770
771
779
772
778
778
780
779
784
786
786
786
795
787
795
799
793
800
807
801
806
813
806
813
819
813
820
824
823
828
830
829
835
840
838
842
845
844
848
855
850
855
864
858
861
873
865
870
879
871
880
885
879
884
887
887
892
893
897
901
899
902
909
903
907
911
906
918
915
916
925
917
920
930
922
929
934
931
941
940
940
949
942
947
949
946
955
953
955
963
959
965
965
968
975
970
974
979
979
984
979
985
987
988
989
991
995
997
998
1001
1000
1003
1004
1003
1010
1007
1007
1014
1012
1016
1014
1020
1025
1025
1033
1025
1036
1035
1037
1047
1039
1050
1046
1051
1052
1051
1052
1048
1062
1059
1064
1069
1066
1074
1067
1077
1076
1078
1083
1080
1087
1084
1091
1090
1096
1098
1100
1103
1100
1111
1105
1112
1115
1114
1122
1121
1124
1123
1127
1124
1136
1129
1137
1138
1138
1146
1140
1150
1146
1153
1148
1159
1153
1159
1159
1163
1165
1165
1170
1168
1177
1169
1182
1172
1178
1174
1177
1177
1175
1177
1178
1182
1180
1182
1179
1180
1179
1183
1186
1183
1186
1182
1187
1186
1188
1187
1186
1184
1186
1184
1183
1184
1184
1183
1182
1188
1184
1183
1184
1182
1183
1181
1182
1183
1182
1186
1183
1182
1182
1181
1182
1182
1188
1185
1184
1182
1182
1183
1181
1180
1184
1183
1186
1182
1181
1182
1181
1182
1180
1179
1180
1179
1178
1176
1178
1175
1176
1175
1176
1175
1173
1173
1173
1172
1172
1172
1172
1171
1169
1170
1167
1168
1166
1165
1168
1165
1163
1164
1165
1163
1163
1163
1164
1160
1162
1159
1159
1157
1158
1158
1156
1158
1156
1156
1155
1156
1153
1153
1153
1152
1149
1151
1151
1149
1150
1148
1147
1148
1147
1147
1146
1145
1144
1144
1145
1143
1144
1143
1140
1144
1139
1140
1139
1139
1138
1138
1136
1137
1136
1138
1137
1135
1137
1134
1133
1132
1131
1132
1130
1132
1130
1131
1130
1129
1128
1128
1126
1126
1126
1126
1126
1126
1124
1123
1122
1122
1122
1120
1121
1120
1121
1122
1118
1120
1115
1118
1117
1116
1119
1115
1116
1114
1113
1115
1112
1113
1110
1112
1111
1112
1110
1110
1108
1108
1108
1106
1109
1105
1107
1105
1106
1104
1105
1103
1103
1103
1102
1104
1099
1102
1099
1100
1100
1098
1100
1097
1097
1097
1095
1097
1093
1096
1095
1096
1092
1094
1090
1093
1092
1090
1092
1090
1089
1089
1087
1090
1086
1088
1088
1089
1085
1085
1083
1085
1084
1083
1086
1081
1082
1080
1082
1080
1080
1079
1080
1081
1076
1078
1076
1077
1078
1077
1076
1074
1073
1074
1072
1074
1073
1072
1071
1072
1069
1071
1070
1070
1069
1067
1067
1068
1066
1068
1066
1065
1064
1064
1063
1064
1063
1064
1059
1062
1060
1060
1062
1058
1060
1057
1057
1059
1056
1057
1056
1054
1056
1053
1055
1055
1054
1051
1054
1051
1051
1053
1049
1051
1048
1048
1050
1047
1049
1047
1046
1046
1045
1047
1045
1046
1041
1044
1043
1042
1045
1040
1040
1041
1039
1041
1040
1040
1036
1038
1038
1038
1039
1035
1035
1035
1034
1036
1033
1035
1031
1031
1034
1032
1031
1030
1031
1028
1030
1031
1028
1027
1027
1027
1028
1026
1027
1024
1023
1026
1025
1023
1021
1023
1022
1022
1023
1020
1021
1019
1019
1022
1017
1018
1018
1016
1019
1015
1015
1016
1013
1016
1014
1015
1012
1011
1014
1012
1013
1008
1010
1011
1009
1011
1006
1008
1009
1006
1008
1005
1007
1005
1005
1007
1002
1004
1003
1003
1006
1000
1002
1001
999
1003
999
999
998
998
1000
996
998
995
997
998
993
996
995
993
996
991
993
993
991
993
988
990
991
990
991
986
988
989
988
989
984
985
987
985
985
984
983
986
981
982
982
981
984
980
980
979
980
982
976
979
978
977
979
973
976
977
975
976
973
973
976
972
972
971
973
974
969
972
969
970
971
966
968
970
967
968
966
966
968
964
965
963
964
966
961
963
963
963
963
959
961
962
958
960
958
958
960
956
958
957
957
957
954
956
958
952
955
953
954
954
950
951
954
949
951
949
951
951
947
948
949
948
948
944
948
948
943
946
945
945
945
942
943
945
939
943
942
941
942
938
940
941
938
939
936
939
939
934
938
938
933
936
934
935
935
932
932
935
931
932
930
932
932
928
930
932
926
929
929
928
927
926
928
928
923
925
928
924
924
922
925
924
920
923
923
920
922
920
921
919
917
919
921
915
918
918
917
916
915
916
917
912
915
915
912
913
912
914
912
910
913
912
908
910
911
907
909
907
909
907
905
909
908
904
905
907
902
904
905
904
903
901
905
902
900
901
902
898
900
900
900
898
897
899
897
895
900
898
894
895
897
893
893
895
894
893
892
893
891
890
892
892
890
889
890
888
888
890
889
887
886
888
886
884
888
886
882
885
885
882
883
884
881
882
881
883
881
878
882
879
878
881
880
875
878
880
876
876
878
873
875
873
873
875
873
871
874
871
871
873
871
868
870
872
868
868
870
866
867
870
864
866
867
866
864
864
866
864
863
865
863
862
864
861
859
864
861
858
860
862
857
858
860
857
857
857
856
857
857
854
855
857
854
852
855
855
851
853
853
851
851
852
850
850
850
849
849
850
846
849
848
846
847
848
845
845
847
845
842
847
844
841
844
845
840
842
843
839
841
843
838
840
840
838
838
840
836
837
839
835
836
838
834
834
837
833
833
836
831
832
834
831
831
833
830
829
832
829
829
831
827
828
830
826
827
829
824
827
828
823
826
825
822
825
824
821
825
821
821
824
820
821
822
819
820
820
818
819
819
817
818
817
817
816
816
816
815
816
812
815
815
811
815
812
811
815
809
812
812
809
810
812
808
808
811
807
807
809
805
808
806
805
808
803
806
805
804
804
804
803
802
804
801
803
801
799
804
797
801
801
798
798
800
797
797
799
795
799
794
796
797
795
795
796
793
794
794
791
795
790
792
793
790
790
793
788
791
789
788
790
787
788
789
786
787
788
783
790
783
786
786
783
783
787
780
785
781
783
782
781
781
782
778
783
777
780
780
778
778
780
774
780
776
776
777
776
775
775
774
778
771
774
776
770
774
772
772
772
771
770
772
768
773
766
771
771
766
769
768
766
768
767
765
767
763
769
762
765
766
761
766
763
763
763
761
762
761
761
762
759
761
762
756
761
758
758
759
755
761
754
757
759
752
758
754
755
755
753
756
751
754
754
750
754
752
751
752
750
752
748
750
752
746
750
748
748
748
746
750
743
747
748
743
747
744
744
746
742
746
741
743
745
739
744
741
740
742
739
743
739
738
741
738
739
737
739
736
737
739
735
738
734
735
737
732
737
733
732
736
731
734
732
734
729
732
733
727
733
729
729
730
729
730
727
728
727
728
728
724
729
724
725
727
724
725
723
726
721
723
726
720
723
722
722
720
721
723
717
721
720
718
720
718
720
715
720
717
716
717
716
717
713
717
715
713
716
714
715
711
715
712
711
712
711
713
708
713
710
709
709
710
710
706
710
708
708
705
707
710
703
707
705
707
703
704
707
702
704
702
706
701
702
702
701
703
699
703
699
702
699
698
700
698
700
695
700
697
698
698
695
696
693
697
693
695
693
693
694
692
694
692
691
689
692
691
689
692
687
691
687
690
687
687
687
687
689
684
687
684
687
684
685
684
684
683
684
686
680
683
682
683
682
681
680
681
680
680
682
676
680
677
680
677
679
677
676
676
677
678
674
676
673
677
673
676
674
673
672
673
673
673
673
670
675
667
672
670
672
668
670
668
669
667
668
670
667
668
665
668
663
669
665
666
664
665
664
664
662
664
664
662
663
661
663
659
662
659
664
658
662
659
660
657
658
658
658
657
658
658
656
657
655
658
653
656
653
656
653
655
653
655
651
653
652
651
651
651
652
650
651
649
652
648
650
647
651
645
649
646
649
645
648
645
648
644
646
645
645
643
646
643
643
642
643
643
642
641
642
642
640
641
641
641
639
640
638
640
637
639
636
641
635
638
636
638
633
638
634
639
632
636
632
637
630
635
633
634
630
633
631
633
629
632
629
633
628
630
630
629
627
629
627
629
626
628
626
628
624
626
626
626
623
625
624
625
622
624
622
625
620
623
621
622
619
622
620
621
618
620
619
620
617
619
617
619
615
618
616
618
615
617
615
617
612
617
612
617
611
615
612
615
611
613
610
614
609
611
610
611
609
610
609
610
608
608
608
609
607
607
608
606
608
605
606
605
606
603
605
603
605
603
604
602
605
601
603
601
604
599
601
599
601
600
598
600
600
599
598
599
598
598
595
598
595
598
594
597
594
598
593
595
593
595
593
592
593
594
592
592
592
592
592
589
591
589
592
587
592
588
590
587
587
588
588
588
586
588
586
587
583
587
584
587
583
586
583
585
582
582
583
583
583
582
582
580
584
578
582
579
582
577
579
579
578
580
577
579
577
577
574
578
576
578
574
575
575
576
575
573
576
572
574
571
574
572
574
571
571
570
572
571
570
570
569
571
568
570
567
569
566
568
568
567
568
564
567
565
568
563
565
565
565
565
562
564
563
565
561
562
561
562
563
560
562
558
562
559
561
558
559
560
558
559
556
559
556
558
555
557
556
556
557
553
557
552
556
553
553
555
552
554
551
554
550
553
550
551
552
550
551
549
552
548
549
548
549
549
546
549
547
549
547
547
547
542
547
543
545
545
542
544
541
544
540
542
544
539
541
541
539
541
536
538
537
538
537
535
540
534
535
536
533
536
533
534
533
533
533
531
535
530
531
532
533
531
528
532
529
529
532
527
529
528
529
527
527
529
525
529
525
525
527
526
527
522
527
523
525
525
522
523
523
525
522
522
523
520
524
519
520
522
519
521
518
520
518
520
520
516
520
515
518
519
514
518
515
516
516
515
515
514
516
513
514
514
511
516
511
511
515
510
514
509
510
512
510
511
509
510
509
510
508
507
509
507
509
509
504
509
506
507
507
503
508
503
506
505
502
506
502
504
505
499
505
501
501
505
503
500
500
502
498
501
498
499
502
495
500
496
498
500
495
499
495
497
497
493
497
494
495
497
491
497
491
495
494
491
494
491
493
493
489
492
490
492
492
488
489
490
489
490
488
487
491
485
491
484
487
488
485
489
484
486
485
485
484
486
483
485
483
484
484
480
484
481
484
483
478
482
482
481
481
479
479
482
476
482
476
479
478
478
478
478
475
478
475
476
478
474
477
473
476
475
473
474
476
471
477
469
474
471
472
472
474
468
473
470
471
471
468
469
471
468
471
466
468
468
468
467
469
464
468
466
467
466
465
464
467
462
466
463
465
463
463
464
464
459
463
462
462
463
459
461
460
460
460
461
457
461
457
460
458
458
456
460
455
459
456
456
457
455
457
456
453
454
456
452
456
454
452
454
451
454
453
451
450
454
449
452
452
448
452
448
451
449
448
449
449
447
450
449
444
446
450
444
446
445
445
445
447
442
444
445
441
446
443
440
445
440
443
443
440
441
441
440
441
441
438
439
441
437
440
439
436
439
437
437
439
435
436
437
435
436
436
434
434
436
433
435
436
431
432
435
430
435
432
429
433
430
431
433
428
431
430
428
430
430
427
429
428
427
429
427
425
427
426
426
426
426
424
424
425
423
424
425
421
423
423
420
422
423
418
420
422
417
420
421
415
420
419
415
418
418
413
417
416
412
416
415
410
413
414
410
412
413
407
410
412
408
410
410
406
408
409
407
407
408
406
407
405
406
407
406
405
405
406
403
406
406
402
403
404
403
403
405
403
403
