402
402
404
402
403
404
404
406
406
407
408
409
408
411
411
410
412
415
410
416
415
415
416
418
416
418
418
418
420
422
418
422
423
421
423
423
424
427
426
426
427
428
429
430
432
431
432
435
432
435
438
434
439
440
437
442
439
441
442
443
444
445
444
446
447
447
449
452
448
454
450
454
455
454
455
458
457
460
460
457
464
461
464
466
465
466
468
467
473
470
472
474
474
477
479
476
482
478
483
484
482
485
486
489
489
488
492
492
492
495
495
495
499
497
501
499
500
506
500
504
503
504
507
506
509
508
508
511
513
513
511
514
512
516
516
514
519
516
518
521
519
522
521
523
523
525
525
525
530
527
527
530
532
531
530
535
532
535
538
535
538
536
542
538
539
543
544
544
543
547
546
548
547
550
550
548
553
550
554
554
554
557
556
557
557
561
557
562
559
564
562
564
565
563
566
563
570
566
570
568
568
570
572
573
572
573
573
579
575
579
575
580
578
579
582
582
584
582
582
585
586
585
589
585
591
587
590
590
590
591
591
593
593
594
594
594
596
596
594
598
597
599
596
599
602
604
599
603
599
606
603
604
606
606
605
606
608
610
609
608
611
611
613
611
614
612
615
612
618
611
617
613
616
614
619
616
617
616
621
618
622
617
623
619
621
622
625
621
624
623
627
623
626
627
629
626
629
627
631
626
630
630
633
629
633
633
635
632
635
633
637
634
635
637
639
637
637
639
640
639
640
641
642
641
641
642
643
645
642
643
644
645
645
646
646
648
642
650
645
651
644
650
647
653
647
651
648
651
652
651
650
652
653
652
652
653
656
655
655
653
659
654
658
654
660
655
659
656
662
658
659
659
660
661
660
662
662
665
662
665
662
664
663
667
666
666
665
667
667
668
668
668
669
667
671
668
671
668
674
671
674
670
673
675
674
677
673
678
680
679
678
678
679
681
683
678
683
678
686
683
684
682
681
687
685
686
685
688
684
688
688
688
686
688
690
688
692
686
693
689
691
689
691
694
691
697
690
696
695
698
697
696
697
697
697
698
701
699
701
699
702
703
701
704
700
705
705
704
705
705
708
705
709
707
709
708
710
711
707
715
711
715
712
713
716
712
718
716
719
718
719
722
718
723
723
724
723
724
728
724
728
726
726
730
728
731
730
732
731
733
733
733
737
733
736
739
736
740
740
740
742
742
746
743
746
749
748
751
749
750
752
751
755
755
755
759
757
761
761
762
765
762
770
765
769
773
769
773
775
775
777
779
780
782
781
787
785
787
793
789
792
798
795
797
804
799
807
809
807
814
814
816
817
822
824
827
831
832
832
838
840
840
846
847
851
852
852
857
860
858
864
869
866
872
878
873
882
885
882
889
894
894
898
899
900
908
908
908
919
912
917
926
925
929
930
933
939
937
941
947
946
949
953
957
961
960
964
968
972
976
975
978
984
982
987
991
993
997
995
1002
1003
1006
1011
1012
1014
1014
1021
1022
1024
1030
1026
1034
1036
1036
1043
1041
1048
1047
1051
1054
1055
1062
1059
1067
1066
1069
1076
1072
1083
1076
1087
1084
1089
1097
1095
1103
1095
1107
1105
1109
1115
1115
1122
1118
1128
1125
1135
1129
1136
1136
1139
1144
1144
1154
1148
1158
1152
1161
1160
1167
1166
1171
1170
1176
1178
1180
1185
1184
1189
1185
1189
1190
1196
1192
1190
1191
1192
1193
1199
1199
1201
1197
1199
1197
1197
1197
1198
1200
1202
1203
1201
1204
1203
1201
1201
1200
1202
1203
1200
1206
1203
1210
1208
1207
1207
1206
1207
1207
1209
1210
1209
1211
1210
1209
1207
1207
1207
1207
1212
1210
1214
1211
1212
1213
1209
1210
1208
1208
1209
1206
1211
1209
1209
1210
1209
1210
1208
1209
1213
1213
1213
1218
1213
1214
1217
1217
1217
1216
1216
1218
1216
1215
1215
1215
1215
1212
1212
1212
1210
1211
1209
1210
1208
1208
1209
1209
1207
1208
1206
1207
1205
1204
1204
1205
1205
1205
1201
1203
1201
1201
1202
1201
1199
1199
1200
1199
1197
1196
1195
1195
1196
1194
1194
1194
1192
1192
1192
1192
1190
1190
1191
1189
1190
1187
1187
1187
1187
1187
1186
1185
1184
1184
1185
1183
1183
1181
1182
1182
1179
1181
1178
1180
1179
1176
1178
1177
1177
1175
1175
1177
1174
1174
1173
1174
1173
1171
1173
1172
1170
1170
1169
1170
1168
1167
1168
1168
1167
1165
1165
1167
1165
1165
1163
1164
1162
1162
1163
1161
1161
1159
1159
1160
1159
1156
1159
1156
1156
1156
1155
1154
1154
1154
1153
1152
1153
1153
1151
1153
1150
1150
1151
1149
1148
1148
1148
1146
1147
1147
1145
1147
1147
1144
1145
1143
1142
1143
1141
1142
1141
1141
1140
1141
1141
1139
1139
1138
1137
1139
1135
1137
1138
1135
1137
1134
1134
1134
1132
1133
1132
1131
1132
1132
1130
1133
1128
1131
1127
1127
1129
1125
1128
1126
1126
1126
1126
1125
1125
1122
1125
1121
1122
1123
1121
1124
1119
1121
1119
1118
1120
1117
1118
1117
1119
1118
1117
1115
1115
1114
1114
1115
1112
1115
1114
1112
1112
1110
1111
1110
1110
1110
1110
1109
1109
1107
1107
1107
1106
1107
1104
1109
1103
1105
1104
1102
1105
1101
1104
1102
1104
1099
1103
1098
1100
1098
1098
1100
1098
1098
1096
1096
1096
1095
1095
1095
1097
1094
1095
1090
1094
1091
1091
1093
1091
1091
1090
1088
1090
1087
1089
1087
1091
1086
1089
1083
1087
1084
1085
1086
1084
1084
1082
1082
1083
1081
1082
1082
1082
1080
1078
1080
1077
1080
1078
1080
1076
1076
1077
1073
1078
1073
1077
1074
1073
1074
1071
1074
1071
1074
1070
1071
1070
1068
1072
1068
1071
1067
1067
1068
1065
1068
1066
1067
1065
1064
1065
1063
1065
1062
1065
1061
1061
1062
1060
1062
1060
1060
1059
1059
1057
1059
1061
1056
1059
1054
1056
1056
1054
1058
1053
1053
1054
1051
1054
1053
1052
1051
1051
1049
1051
1052
1048
1051
1046
1048
1049
1045
1051
1045
1045
1046
1044
1046
1045
1045
1041
1044
1042
1042
1045
1040
1040
1041
1039
1042
1040
1039
1037
1038
1038
1037
1039
1036
1035
1035
1035
1037
1033
1036
1032
1032
1036
1032
1033
1030
1031
1030
1030
1032
1029
1028
1029
1027
1030
1027
1029
1024
1025
1028
1024
1028
1023
1024
1023
1024
1025
1022
1021
1021
1021
1024
1020
1020
1020
1018
1020
1018
1020
1016
1016
1019
1016
1017
1014
1015
1015
1014
1016
1012
1014
1012
1012
1015
1010
1011
1010
1009
1013
1008
1008
1009
1008
1010
1007
1006
1006
1007
1009
1003
1006
1004
1004
1006
1003
1003
1003
1001
1004
1000
1001
1001
1000
1001
999
999
999
998
1000
996
997
997
996
999
994
994
995
994
997
993
992
992
993
995
990
991
989
991
993
988
989
988
987
991
986
988
987
985
988
984
985
986
984
987
980
983
986
982
984
980
980
983
979
982
980
978
982
977
978
977
977
981
973
979
976
976
977
971
975
976
973
975
971
972
975
970
971
970
970
973
968
970
969
969
970
965
966
970
965
967
965
966
968
962
965
963
963
965
960
963
963
962
962
964
957
958
956
957
958
952
956
954
954
955
950
952
955
949
952
950
950
953
946
950
950
948
949
946
948
950
944
947
947
945
947
942
944
949
940
944
943
942
945
939
941
944
938
942
938
941
941
936
938
941
935
938
936
937
938
933
936
938
932
935
933
934
935
930
933
934
930
932
930
931
932
927
930
932
925
929
928
927
928
925
926
929
922
926
926
925
924
922
925
925
920
922
925
919
922
920
920
922
917
919
921
916
919
919
917
918
916
918
918
913
915
918
911
915
914
913
913
911
913
917
909
911
914
909
910
909
910
910
906
909
911
905
907
911
904
906
906
905
905
903
906
906
901
903
906
900
902
902
902
902
899
901
902
897
899
901
896
898
900
897
897
895
897
896
893
898
897
892
895
896
890
893
895
892
892
892
892
890
889
892
891
888
888
890
887
888
889
887
886
886
887
886
884
887
885
882
885
886
882
882
884
880
882
883
882
881
878
882
880
878
881
879
876
879
880
875
876
878
874
876
877
874
873
875
875
875
871
874
872
871
875
871
868
873
872
868
869
871
868
868
870
865
867
869
867
865
866
867
865
864
866
864
863
865
863
862
865
862
859
863
863
858
860
862
858
859
861
857
859
859
856
857
860
856
855
857
856
854
854
856
854
852
855
852
853
853
850
852
852
850
850
852
849
848
851
850
846
849
850
844
848
849
843
847
847
845
844
846
844
843
844
843
843
843
841
842
842
840
841
842
838
840
842
836
839
842
835
838
839
835
836
839
833
836
837
833
834
836
832
834
835
831
832
835
829
831
834
828
831
832
827
829
831
827
828
829
827
828
828
826
827
827
824
825
826
824
824
825
822
823
825
821
821
825
820
820
823
818
820
822
817
820
819
816
820
818
815
820
815
816
817
815
815
815
815
814
814
813
813
814
811
813
812
810
813
810
809
814
808
809
811
807
809
809
807
807
809
805
806
808
803
808
805
803
808
802
804
805
803
802
803
802
801
802
799
804
799
800
802
797
799
800
798
797
800
795
797
798
794
799
794
796
796
794
793
797
792
794
793
791
795
790
792
793
790
790
792
787
792
788
789
789
788
787
789
787
787
787
785
788
784
783
784
786
781
785
782
783
783
782
781
782
779
785
778
780
782
778
778
781
775
781
777
777
778
776
777
777
775
778
774
775
777
771
776
773
773
773
773
771
774
769
774
769
770
773
768
770
770
768
769
769
767
770
765
770
765
767
767
764
767
764
765
765
764
763
765
761
767
761
762
765
758
765
760
760
762
758
762
757
759
760
758
758
758
757
757
757
756
757
755
757
754
754
757
752
755
755
752
754
752
755
751
750
754
748
753
750
749
751
748
751
748
748
750
745
750
747
746
748
744
748
745
744
747
743
746
744
743
743
743
744
742
742
741
742
742
740
742
738
741
742
736
742
738
737
740
735
740
737
735
739
734
737
736
735
734
735
736
732
735
733
733
734
730
735
731
731
732
730
732
729
732
727
730
732
725
730
729
726
728
727
728
725
728
725
725
727
723
727
725
723
724
724
724
721
725
721
721
723
720
722
720
722
718
721
721
718
719
719
719
716
718
720
714
718
717
717
713
716
718
711
717
714
714
712
714
716
709
714
712
714
710
711
714
708
712
709
711
708
710
711
706
709
708
709
706
707
708
707
707
704
708
704
704
706
704
705
701
706
701
704
702
702
702
701
702
699
702
701
700
698
700
701
696
700
697
701
696
697
697
696
698
694
697
694
697
694
694
694
694
696
691
694
692
694
691
691
692
691
692
689
692
688
691
690
688
688
689
690
687
688
685
690
685
688
685
685
685
686
687
682
685
683
685
683
683
682
682
683
682
683
679
682
680
683
678
681
679
678
679
678
681
676
678
676
679
676
677
676
676
674
676
677
673
676
672
676
671
675
673
673
671
672
672
672
671
671
672
668
671
668
673
667
671
669
667
667
668
668
666
668
666
667
664
666
664
667
663
666
664
665
662
663
663
662
663
661
664
659
662
659
662
659
662
659
661
658
659
658
658
657
657
659
656
657
656
658
653
657
653
657
652
656
653
656
652
654
653
653
651
651
652
651
651
650
652
650
650
649
651
647
650
647
651
645
649
646
649
644
648
647
647
644
646
643
644
643
644
642
643
645
641
643
641
643
640
642
639
642
639
640
638
642
636
640
636
640
635
639
637
638
635
637
635
638
633
637
634
636
632
635
633
634
632
633
633
632
631
632
631
632
630
631
630
630
628
630
629
628
628
628
628
628
626
629
626
627
625
627
625
626
624
625
624
624
623
624
624
622
623
622
622
623
621
622
621
621
619
621
620
620
618
619
619
619
617
619
617
619
616
617
616
617
614
616
615
615
613
616
612
616
611
615
611
615
611
614
610
614
609
612
610
612
608
611
608
610
609
608
608
609
607
607
607
607
607
606
607
606
