105
104
105
105
104
105
105
104
107
105
105
107
107
106
107
106
106
108
107
108
109
109
108
111
109
110
110
109
111
111
110
112
112
111
114
113
112
114
113
113
115
114
115
116
115
117
117
116
118
116
117
118
117
119
119
118
121
118
121
0
121
120
121
123
121
123
122
123
123
122
124
123
123
125
124
125
125
125
126
124
126
125
127
127
126
128
128
128
128
126
129
127
129
130
128
131
128
131
129
129
130
130
131
130
131
132
131
132
130
131
131
132
132
131
133
132
133
132
131
133
132
134
133
133
134
134
134
132
134
133
13
4
135
133
136
133
135
134
134
135
135
136
135
137
135
137
136
135
137
136
138
137
138
139
138
138
138
140
138
141
139
142
141
141
141
141
0
141
141
144
141
145
142
144
143
143
144
145
145
145
147
145
147
144
147
146
148
146
148
148
148
148
148
0
150
149
151
150
151
149
151
150
152
151
153
151
153
150
153
152
154
153
155
153
155
153
154
154
155
155
156
155
156
155
156
155
158
156
159
157
158
157
158
157
160
158
160
158
161
158
160
159
162
160
163
161
162
161
162
161
164
161
165
162
163
163
163
164
164
166
165
165
164
165
164
167
165
167
166
166
165
167
167
167
168
168
168
167
169
167
170
167
171
168
170
168
170
170
171
171
171
172
170
171
171
173
172
173
173
171
173
173
175
173
175
174
175
174
174
176
175
177
175
176
176
176
178
176
179
177
178
178
177
180
177
181
179
179
179
179
182
179
183
181
181
0
183
0
182
182
182
182
185
183
185
184
183
185
184
185
185
186
186
184
185
186
187
188
186
188
186
187
188
187
190
188
187
189
188
190
189
191
190
189
190
191
189
193
190
191
191
191
193
192
193
193
192
193
193
193
195
193
194
194
193
196
195
196
197
194
195
197
196
198
196
196
198
196
199
199
198
199
198
198
200
199
200
200
198
200
202
200
202
202
200
201
202
201
204
202
202
202
203
204
205
203
204
204
203
205
206
204
205
205
204
0
207
207
206
207
205
206
208
207
207
208
206
207
209
209
209
209
208
207
211
209
210
210
208
210
211
212
210
212
210
210
213
212
211
212
212
211
214
214
213
212
214
213
213
216
213
213
215
215
214
217
216
214
215
217
215
217
217
215
216
219
217
218
218
217
217
218
220
218
217
219
219
219
222
220
218
220
221
220
221
221
220
220
223
223
221
222
222
222
222
225
223
222
222
225
224
225
224
224
224
224
227
224
224
225
227
225
227
227
226
225
227
228
227
226
227
229
227
229
229
228
228
228
231
229
228
229
231
230
230
231
230
230
231
232
232
230
231
233
233
232
232
233
233
233
234
234
233
233
235
236
236
233
235
236
236
236
235
236
238
236
238
238
237
237
238
240
238
237
239
240
241
240
239
239
242
241
241
240
242
243
242
243
243
242
243
243
245
244
243
245
245
246
246
245
245
246
248
247
246
247
247
250
249
247
248
249
251
250
248
249
251
253
251
250
250
252
253
253
251
252
253
255
254
253
253
254
256
255
254
255
256
257
256
256
257
256
258
257
257
259
258
260
258
258
260
261
259
259
260
262
263
262
260
261
262
264
263
262
264
264
265
263
265
266
265
266
264
266
267
268
268
266
267
268
269
268
268
270
270
271
269
269
271
272
272
270
272
273
273
272
272
275
274
274
273
274
275
276
275
275
276
277
276
0
277
279
277
278
279
279
278
278
0
0
280
282
281
281
280
282
282
283
281
0
284
283
283
284
285
285
284
284
285
287
285
285
288
287
288
285
288
287
288
287
28
8
0
289
289
290
290
290
289
291
291
292
290
291
292
293
292
292
293
295
293
293
294
294
295
293
295
295
297
295
295
296
297
296
296
298
299
298
297
299
299
298
298
299
300
300
299
300
300
301
300
301
302
302
302
301
303
304
302
303
304
306
304
303
306
305
305
305
307
307
307
306
307
308
307
307
309
309
309
308
310
310
310
309
310
312
312
310
312
312
312
311
313
313
314
312
314
314
314
314
315
315
316
314
316
317
316
315
317
318
317
317
318
318
317
318
319
320
318
319
319
321
319
319
321
322
320
321
321
322
321
322
323
323
322
323
323
324
322
324
325
325
324
324
326
324
324
326
327
326
325
326
327
326
326
327
329
327
327
328
329
327
328
330
330
328
329
330
330
328
330
332
329
330
331
331
331
330
333
333
331
332
332
333
331
333
334
332
333
333
334
333
334
335
335
334
335
335
335
334
335
337
335
335
336
337
335
336
338
338
336
337
338
337
336
338
339
337
338
339
339
338
339
340
339
338
340
340
338
339
341
342
340
340
342
340
340
341
342
341
341
342
342
341
343
343
342
342
342
343
342
343
344
345
342
344
344
344
342
344
346
344
344
345
345
344
346
346
344
344
346
347
345
346
347
347
345
346
347
346
346
348
349
346
348
347
347
346
348
350
347
348
350
348
347
349
349
348
349
350
350
348
350
350
349
349
350
351
349
350
352
350
349
351
351
350
351
353
352
349
352
351
351
351
353
354
351
351
353
351
352
354
354
352
353
353
352
352
354
355
352
354
354
353
352
355
356
353
354
355
354
353
355
356
354
355
356
355
353
356
356
355
356
356
356
354
356
357
355
357
357
356
355
356
358
0
358
357
355
357
359
356
358
358
358
355
358
359
358
358
358
359
356
359
359
358
359
359
359
357
359
360
358
359
360
359
358
359
362
358
360
361
359
358
360
362
360
360
361
359
359
361
362
360
361
361
360
359
363
362
361
361
361
360
361
363
363
360
362
362
360
362
363
363
361
362
362
362
362
364
363
361
362
364
362
363
364
363
361
363
365
362
364
364
362
363
364
365
362
364
365
363
363
365
365
362
364
366
363
365
365
364
362
366
366
364
365
0
363
366
367
364
365
366
364
0
366
364
0
365
366
367
366
364
366
367
365
0
365
365
367
368
365
366
367
366
367
367
367
365
367
368
367
367
0
366
369
368
366
368
367
366
368
369
368
366
367
369
367
368
369
0
368
369
367
368
369
368
368
369
368
367
368
371
0
369
367
368
370
371
367
369
369
368
369
371
369
367
369
371
368
370
370
368
369
371
370
367
370
371
369
370
371
368
369
370
372
369
370
370
369
370
372
370
369
370
371
370
371
371
370
369
372
371
369
371
372
370
371
372
369
370
372
372
370
371
371
371
371
373
371
369
372
372
371
372
372
370
371
0
370
371
0
372
372
371
371
0
371
371
373
371
373
373
0
372
374
371
372
374
371
373
0
371
373
375
372
372
373
371
373
375
373
371
373
374
372
373
374
372
373
374
374
371
373
375
373
373
374
372
373
375
374
372
373
375
372
375
374
373
373
374
375
372
374
375
373
374
375
372
373
376
375
373
374
374
374
375
375
374
372
375
376
373
374
375
374
375
375
374
373
375
377
373
375
375
373
376
376
374
373
376
376
373
375
376
374
376
375
374
374
376
377
374
375
376
374
376
376
375
374
376
376
0
376
375
376
0
375
376
378
374
376
376
374
377
377
0
377
0
0
375
377
377
374
375
378
377
0
376
376
377
377
375
376
377
377
374
377
378
375
377
377
375
376
378
378
375
376
378
375
377
378
375
377
378
377
374
377
379
376
377
377
376
377
378
378
375
377
378
376
377
378
377
377
378
376
376
378
379
376
377
378
376
378
378
377
376
378
379
376
377
378
377
378
378
376
377
379
379
376
377
378
377
379
378
376
378
378
378
376
378
379
378
378
377
377
378
379
378
376
378
379
377
378
379
377
378
379
377
376
379
380
377
378
378
0
379
0
0
377
378
0
379
378
377
0
379
376
378
380
377
379
0
378
380
377
377
379
380
378
378
378
377
0
377
376
378
379
375
0
376
377
377
374
375
0
374
374
376
374
0
0
375
374
372
0
372
373
373
0
373
374
370
371
372
370
371
372
0
370
371
369
0
369
368
370
0
368
370
367
0
367
365
368
0
366
367
0
367
367
0
365
364
365
0
363
363
0
364
0
362
362
364
361
363
363
0
362
362
360
0
360
360
0
358
0
359
358
0
0
358
358
0
358
0
356
356
0
355
356
0
355
355
356
353
355
355
353
0
354
352
354
354
352
351
353
354
0
353
351
350
351
0
351
352
350
349
350
350
348
350
350
350
348
349
348
347
348
349
349
347
348
347
347
345
347
348
346
346
346
347
344
346
346
344
344
0
343
345
345
344
342
344
343
342
343
344
343
0
0
340
342
342
340
341
341
342
339
341
341
0
340
339
339
338
0
337
339
339
337
337
338
338
336
337
337
337
336
0
337
0
0
334
335
0
0
0
334
0
0
333
0
333
0
331
332
0
331
0
331
330
330
328
0
328
328
329
330
327
0
329
327
328
328
327
0
327
327
0
326
325
325
0
325
0
325
324
0
326
323
323
0
322
324
323
323
0
322
0
322
322
321
0
321
320
0
322
319
318
320
0
318
319
320
0
319
318
317
0
318
316
316
317
317
315
316
0
314
315
0
314
314
316
0
314
314
0
314
0
312
0
312
0
313
0
0
0
311
311
0
0
0
309
0
308
0
0
307
308
0
307
0
305
0
307
0
306
0
304
305
306
0
304
305
303
0
304
0
303
303
302
0
303
302
0
301
0
300
301
302
0
300
301
0
300
300
0
298
0
297
0
299
0
296
298
295
0
0
295
0
295
294
0
295
293
0
0
293
293
295
0
293
293
0
292
292
0
291
0
290
0
291
291
0
0
288
0
0
0
289
0
288
0
0
0
285
0
287
0
286
0
0
0
284
0
284
0
0
284
0
0
0
282
0
0
281
0
0
280
0
0
280
0
0
0
0
0
277
0
0
0
278
0
276
0
274
0
0
0
0
0
274
0
0
0
0
272
0
0
272
0
270
0
269
0
271
0
268
0
268
0
0
0
268
0
265
0
0
266
0
0
266
0
0
0
264
0
264
0
0
0
261
0
0
0
262
261
0
261
0
259
260
0
258
0
259
0
258
0
258
256
0
0
255
0
257
0
255
0
255
0
254
0
0
0
254
253
0
254
0
0
252
0
252
0
251
0
251
0
0
0
248
249
0
0
249
0
249
0
248
0
247
0
246
0
0
0
246
0
0
0
0
0
0
0
0
0
0
0
0
240
0
0
0
0
238
0
240
0
239
0
0
238
0
0
237
0
0
0
237
0
0
0
234
0
234
0
232
0
0
0
232
0
232
0
0
0
232
0
0
0
230
0
0
0
228
0
0
0
227
0
0
226
228
0
226
0
0
0
0
0
225
0
0
0
0
0
221
0
0
0
0
0
0
0
0
0
221
0
219
0
0
217
0
0
217
0
0
218
0
0
216
216
0
214
0
215
214
0
0
214
0
213
0
213
0
0
213
0
211
0
212
0
210
0
210
0
209
211
0
0
0
208
0
206
0
0
0
0
0
207
0
0
0
204
0
0
0
0
0
0
0
0
0
0
0
0
0
0
0
0
198
0
0
0
0
0
0
0
195
0
0
0
0
0
0
0
194
0
193
0
193
0
0
193
0
0
193
0
0
192
0
0
0
0
188
0
0
0
188
0
187
0
187
0
0
187
0
186
185
0
185
0
0
183
0
0
183
0
0
0
0
0
0
0
0
0
0
0
0
0
180
0
0
0
0
0
178
0
0
177
0
177
0
0
178
0
175
175
0
176
0
173
175
0
175
0
0
172
175
0
173
0
172
0
174
0
171
0
170
0
0
0
171
0
170
0
0
0
168
0
168
0
0
169
0
166
0
0
166
0
0
0
167
0
164
0
0
0
0
0
0
0
164
0
0
0
0
0
162
0
0
161
0
0
159
0
159
0
0
159
0
158
0
158
156
0
0
157
0
155
0
157
155
0
155
155
0
155
154
0
0
153
0
0
0
153
0
0
0
0
150
0
0
0
151
0
0
0
0
0
149
0
147
0
0
0
148
0
0
0
0
0
0
0
0
0
0
0
0
0
0
0
0
0
0
0
0
142
0
0
0
140
0
0
0
140
0
141
0
137
0
138
0
140
0
0
138
0
136
0
0
0
0
0
136
0
0
0
0
0
0
132
0
0
0
0
132
0
0
0
0
0
0
0
0
0
0
130
0
0
0
0
0
0
0
0
0
0
0
0
0
0
0
0
0
0
0
0
0
0
0
0
0
0
0
0
0
122
0
0
0
121
0
121
0
120
0
0
118
0
0
118
0
117
0
0
116
0
116
117
0
0
0
0
0
117
0
116
0
0
0
0
114
113
0
113
0
0
0
112
0
0
0
0
0
0
0
0
0
0
0
110
0
0
110
0
109
0
0
107
0
0
0
0
106
0
0
105
0
0
106
0
0
0
0
105
0
0
0
0
103
0
0
0
0
0
0
0
0
101
0
0
0
100
0
101
0
0
0
0
99
0
0
0
99
0
0
0
0
0
0
0
0
0
0
0
0
0
0
93
0
94
0
0
93
0
0
0
0
93
0
0
0
91
0
0
0
0
0
90
0
0
90
0
89
0
0
89
0
88
89
0
87
0
0
0
0
0
0
0
85
0
85
0
0
85
0
0
85
0
0
0
0
83
0
0
0
0
0
0
0
0
0
0
0
0
0
0
0
0
0
79
0
0
79
0
0
78
0
78
0
0
77
0
77
76
0
0
0
75
0
77
0
76
0
0
0
0
0
0
0
0
0
0
0
0
0
0
73
0
0
0
0
0
0
0
0
0
0
70
0
70
0
0
0
0
0
0
0
0
0
0
0
0
0
0
0
0
0
0
0
0
0
0
66
0
0
0
64
0
64
0
63
0
63
0
64
0
63
0
0
62
0
0
62
62
0
61
0
0
61
60
0
0
60
0
0
60
0
60
0
60
0
0
58
0
60
0
59
0
0
58
0
57
0
58
0
57
0
0
0
56
0
0
0
0
0
0
0
0
0
0
0
0
0
0
0
54
54
0
0
53
0
53
0
0
0
51
52
0
51
0
51
0
52
0
0
51
0
50
0
51
0
50
0
50
0
49
0
49
0
0
49
0
0
48
0
48
0
0
48
0
48
0
0
47
0
47
0
47
0
47
0
0
0
0
45
46
0
0
0
0
0
0
0
0
0
0
0
0
43
0
0
43
0
0
0
0
42
0
43
0
0
0
42
41
0
41
0
0
0
0
0
40
0
0
0
0
0
39
0
0
0
38
38
0
0
0
38
0
0
38
38
0
0
38
0
38
0
37
0
37
0
0
36
36
0
37
0
0
35
0
0
0
0
0
0
0
0
0
0
0
0
0
0
0
0
0
0
33
0
33
0
0
0
33
0
32
0
0
0
32
0
0
0
0
0
0
0
0
0
0
0
0
0
0
0
0
0
0
0
0
28
0
0
0
0
0
0
28
0
0
27
27
0
0
27
0
27
0
0
0
0
0
0
0
0
0
0
0
0
0
0
25
25
0
0
25
0
24
0
0
24
0
0
0
23
0
0
23
0
0
22
23
0
0
0
23
0
23
0
22
0
0
21
0
21
22
0
0
22
0
21
0
21
0
0
21
0
0
20
0
0
20
0
0
19
0
20
0
0
0
0
19
0
0
0
0
0
0
0
0
0
0
0
0
0
0
0
0
18
0
0
0
17
0
0
0
0
0
0
0
0
0
0
0
0
0
0
0
0
0
0
0
0
0
0
0
0
14
0
0
0
0
14
0
0
14
0
0
0
0
13
0
0
13
0
13
0
0
13
0
0
12
0
0
0
0
0
0
0
0
0
0
0
0
0
0
11
0
0
11
0
0
11
0
0
11
0
10
0
10
0
10
0
0
0
10
0
0
0
9
0
0
9
0
10
0
9
0
9
0
0
0
8
0
0
8
0
0
9
0
0
8
0
8
0
8
8
0
0
7
0
8
7
0
7
7
0
7
0
0
0
0
0
0
0
0
0
0
0
0
0
0
0
0
0
0
0
0
0
0
0
0
0
0
0
0
0
0
0
0
0
0
0
0
0
0
0
0
0
0
0
4
0
0
0
3
0
0
4
0
0
4
0
3
0
3
0
3
0
3
0
0
0
0
0
0
0
0
0
0
0
0
0
0
0
0
0
2
0
0
2
0
0
2
0
0
1
0
0
1
0
2
0
1
0
0
0
0
1
0
0
1
0
0
0
0
0
0
0
0
0
0
0
0
0
0
0
0
0
0
0
0
0
0
0
0
0
0
0
0
0
0
0
0
0
0
0
0
0
0
0
0
0
0
0
0
0
0
0
0
0
0
0
0
0
0
0
0
0
0
0
0
0
0
0
0
0
0
0
0
0
0
0
0
0
0
0
0
0
0
0
0
0
0
0
0
0
0
0
0
0
0
0
0
0
0
0
0
0
0
0
0
0
0
0
0
0
0
0
0
0
0
0
0
0
0
0
0
0
0
0
0
0
0
0
0
0
0
0
0
0
0
0
0
0
0
0
0
0
0
0
0
0
0
0
0
0
0
0
0
0
0
0
0
0
0
0
0
0
0
0
0
0
0
0
0
0
0
0
0
0
0
0
0
0
0
0
0
0
0
0
0
0
0
0
0
0
0
0
0
0
0
0
0
0
0
0
0
0
0
0
0
0
0
0
0
0
0
0
0
0
0
0
0
0
0
0
