102
102
103
105
102
105
106
104
106
107
107
109
109
109
110
111
111
112
111
112
114
113
114
116
115
117
118
117
119
117
119
121
119
123
121
122
125
122
125
123
124
126
125
128
127
128
129
129
130
129
131
131
132
134
132
135
134
135
135
135
136
136
139
137
139
140
140
141
140
142
141
144
143
145
144
146
145
145
146
147
149
147
150
149
151
149
152
151
154
152
155
153
155
154
155
155
158
156
159
158
160
158
161
160
163
161
163
163
164
162
165
164
166
167
167
168
167
169
169
171
170
172
171
172
172
172
174
174
176
175
177
175
177
178
179
180
179
180
179
180
182
181
184
182
184
183
184
187
185
187
186
187
187
186
190
188
191
190
190
191
192
192
194
193
193
193
193
196
195
196
197
196
197
198
198
201
199
198
200
200
201
202
202
202
203
203
205
205
204
206
204
205
208
207
207
209
208
208
211
210
210
211
210
210
213
213
212
214
213
214
215
217
215
215
216
216
217
219
218
217
219
221
219
221
222
219
220
223
223
222
223
224
224
225
226
226
223
225
228
226
228
227
229
228
229
231
230
228
230
232
231
232
231
234
233
233
235
235
233
234
235
237
236
236
236
239
239
237
238
238
240
238
241
240
241
242
241
243
243
241
242
243
245
245
244
245
246
247
246
245
246
247
249
248
247
249
250
251
249
249
249
251
253
252
250
253
253
255
253
252
254
254
256
256
255
256
256
258
257
256
257
258
259
259
259
261
259
261
259
260
262
262
262
261
262
265
264
264
262
264
264
266
266
265
267
266
267
266
267
268
268
269
267
269
270
271
270
269
271
270
272
271
272
273
274
273
272
273
273
275
274
275
277
277
275
275
275
277
278
277
278
279
279
279
277
279
279
281
280
281
282
282
282
280
281
282
284
282
283
285
286
284
283
285
285
286
285
286
287
287
286
287
288
289
288
288
290
289
290
288
289
290
292
290
292
292
293
292
291
293
293
293
293
294
295
295
293
294
296
296
296
296
297
298
297
296
298
298
298
298
299
300
299
299
299
299
301
301
301
302
303
300
301
303
303
303
303
304
306
303
303
305
305
305
305
307
307
306
305
306
308
308
306
309
309
309
307
308
310
310
309
310
311
311
310
310
311
313
311
312
313
314
311
313
313
315
313
315
315
316
313
315
315
317
315
317
318
316
316
317
318
318
318
319
319
319
317
320
320
320
319
321
322
320
319
321
323
321
322
323
324
321
322
323
325
323
324
325
326
323
325
325
326
326
326
327
326
325
327
327
327
327
328
329
327
328
328
330
329
329
331
330
329
330
330
331
330
332
332
330
330
331
333
332
332
334
334
331
333
334
334
333
335
335
333
333
335
335
335
336
336
337
334
336
336
337
338
336
336
338
338
338
339
339
339
337
339
339
338
339
340
341
339
339
340
342
339
342
342
340
339
341
343
341
342
343
343
341
342
343
342
343
343
345
342
343
344
345
343
345
345
343
343
346
345
346
346
346
345
344
345
347
345
347
347
348
345
347
347
347
346
349
349
346
348
348
348
348
349
349
348
348
349
350
349
350
350
348
348
351
350
350
352
351
350
348
351
352
350
353
352
351
350
351
352
352
352
354
352
351
352
353
352
354
354
354
351
354
353
353
353
355
355
353
354
354
354
354
355
356
354
355
355
355
355
355
357
355
355
356
356
355
356
358
356
356
357
356
356
357
359
356
357
358
356
357
358
359
357
358
358
358
357
359
360
357
358
359
359
358
360
360
358
359
360
358
359
361
361
358
360
360
360
360
361
362
359
360
361
360
361
362
362
359
361
361
361
362
363
362
360
361
362
362
363
364
362
360
362
363
363
363
364
362
361
363
364
363
364
364
362
362
364
365
363
364
365
362
364
365
365
363
364
366
363
365
365
364
364
365
367
364
365
365
364
365
367
367
363
366
365
365
367
367
367
363
366
366
367
367
367
366
364
367
368
366
368
367
366
366
368
367
367
367
368
367
367
368
367
367
368
369
367
368
368
367
368
369
370
366
368
368
369
369
370
368
366
369
370
369
369
370
367
369
370
370
368
369
371
368
370
370
368
370
371
371
368
369
370
370
371
371
370
368
370
372
370
371
371
369
370
372
371
370
371
372
370
371
371
370
371
372
373
370
371
371
371
373
372
372
369
372
372
372
373
372
371
371
373
372
371
373
374
371
372
373
371
373
374
373
370
372
374
373
374
373
372
371
374
374
373
373
374
372
373
374
373
373
374
375
372
373
373
374
375
375
372
372
374
375
374
374
375
373
374
375
373
374
375
376
372
374
375
374
375
376
374
372
375
376
374
376
375
374
374
376
374
374
376
377
373
375
375
374
377
376
375
373
376
376
375
376
376
375
375
376
375
375
377
377
374
375
376
376
377
377
375
374
376
377
376
377
376
375
376
377
376
375
378
377
375
376
377
376
378
377
376
374
378
377
376
377
378
376
376
378
375
377
378
378
375
377
377
378
378
377
376
376
378
378
377
377
379
376
377
378
376
378
379
378
375
378
378
378
378
378
377
377
377
379
379
377
377
378
379
377
377
378
379
378
378
378
379
379
378
379
379
379
379
377
379
379
379
377
379
380
380
378
377
380
378
380
379
378
380
380
380
377
379
380
379
378
379
381
379
378
381
381
378
379
380
379
381
380
379
378
380
381
379
380
381
379
380
380
378
381
382
380
377
380
381
380
381
380
379
380
381
379
380
381
382
378
380
380
380
382
381
379
379
381
381
379
381
382
379
380
380
380
382
381
379
378
381
381
380
380
381
380
380
380
379
381
381
381
377
380
380
379
380
379
378
378
379
378
377
378
379
376
376
377
377
378
377
375
373
377
376
375
375
373
375
374
374
373
374
376
371
372
373
372
374
373
372
369
372
372
371
372
371
369
370
371
370
369
370
370
368
370
368
368
368
369
369
366
368
367
367
367
368
367
364
365
367
366
367
365
365
363
365
365
364
365
364
362
363
364
364
362
363
363
361
362
362
362
361
361
363
359
361
361
360
359
360
361
358
359
360
358
358
359
360
356
358
358
357
356
358
358
355
357
356
356
355
356
357
354
355
355
354
354
354
355
353
353
354
354
352
353
353
351
352
352
353
351
352
351
350
350
351
351
350
351
350
348
348
349
350
349
349
349
348
346
348
347
347
348
348
347
345
347
346
345
345
347
346
344
345
345
345
343
345
345
342
343
343
344
343
343
344
342
340
342
342
341
341
342
342
340
340
341
340
339
340
340
338
339
339
340
338
339
339
338
336
337
338
336
337
337
338
335
336
336
336
335
337
336
334
333
334
335
334
334
334
335
332
333
333
333
332
334
332
332
330
331
332
330
332
331
332
329
330
330
330
329
331
329
329
327
329
329
327
328
328
329
326
326
327
328
326
326
328
327
324
325
326
326
324
325
326
324
323
324
324
323
323
323
325
322
321
322
323
322
322
322
322
321
320
320
322
320
320
321
321
318
319
320
319
318
320
319
318
317
318
317
318
317
318
318
316
315
316
316
316
316
316
316
315
313
315
315
314
313
315
315
313
311
314
313
313
312
313
313
311
310
312
312
311
310
312
311
311
308
310
310
310
309
310
310
308
307
309
308
308
307
309
308
307
306
306
307
307
305
307
306
306
304
305
305
305
304
305
305
304
303
303
303
304
303
302
304
303
302
301
302
302
302
300
302
302
301
299
300
300
301
299
300
299
300
298
298
298
299
298
298
298
299
296
297
297
297
297
296
297
297
296
294
295
295
295
294
295
295
295
293
293
294
294
294
294
292
291
292
291
292
291
292
291
289
291
290
291
289
290
289
290
288
287
289
288
287
286
287
286
287
286
287
285
284
286
286
285
284
284
285
285
282
283
284
284
284
282
284
282
283
281
281
282
282
282
281
282
281
281
279
279
280
280
280
279
281
280
278
277
278
278
279
278
277
279
278
277
275
276
276
277
277
276
276
277
275
274
274
274
276
274
274
275
274
274
272
272
273
274
273
272
273
272
272
271
270
272
272
271
270
270
271
271
269
269
270
269
269
269
268
270
270
268
266
267
267
268
268
267
267
267
267
264
265
267
267
265
264
265
265
266
265
263
264
263
264
263
264
264
263
263
261
261
263
263
262
261
261
261
263
261
259
260
259
261
260
260
260
259
260
257
258
259
259
258
257
257
259
259
257
255
256
256
258
256
256
255
256
257
255
254
254
253
256
255
253
254
254
254
253
253
252
252
253
253
252
252
252
252
251
250
251
250
251
251
250
251
249
250
249
249
249
248
249
249
248
248
248
248
248
246
247
246
248
247
245
246
246
247
246
244
245
244
246
245
244
244
244
245
244
242
242
244
243
243
241
242
244
243
241
240
241
242
240
241
240
241
241
240
240
240
238
239
238
240
239
237
238
239
240
237
236
237
238
236
237
236
237
236
236
236
236
234
235
234
237
234
233
234
236
234
234
232
233
233
232
234
233
231
232
233
233
231
230
230
232
230
231
230
231
230
230
231
229
228
228
230
228
229
228
228
228
227
229
228
225
226
228
226
227
226
226
226
225
227
225
224
224
225
224
225
224
224
223
224
225
223
221
222
224
221
223
222
221
221
223
222
221
220
220
220
220
221
220
219
219
221
219
219
219
217
218
219
218
218
217
218
216
218
218
217
215
216
216
215
217
216
214
215
216
214
212
213
215
213
214
214
215
212
212
213
211
210
212
212
211
211
211
210
211
211
210
209
209
209
209
210
209
209
208
208
209
209
207
207
207
206
208
207
207
206
206
205
208
206
205
205
205
203
206
204
205
205
203
203
205
203
204
204
201
202
203
201
203
203
200
202
202
201
202
201
199
200
200
200
201
199
199
200
198
200
199
199
199
196
197
199
197
198
198
196
197
197
196
198
196
195
195
195
196
195
195
195
194
194
195
194
195
194
192
193
192
194
193
192
193
191
192
193
191
193
191
190
191
189
191
191
190
191
188
190
190
189
191
188
188
188
187
189
187
189
188
186
188
186
188
187
186
187
184
186
186
185
186
185
185
185
183
183
183
182
184
182
183
182
182
181
180
181
180
180
181
179
180
179
180
180
178
180
177
178
178
178
178
177
179
176
177
177
177
177
177
177
174
176
174
176
175
176
175
174
175
173
176
174
175
173
173
172
172
175
171
174
172
172
172
171
173
171
172
171
172
169
170
170
171
169
171
170
168
170
168
171
168
170
168
168
167
167
168
167
168
167
168
165
167
166
168
165
168
165
165
164
165
165
165
165
165
164
163
165
163
165
162
165
163
163
161
162
162
163
161
163
162
161
161
161
161
161
161
161
160
159
160
158
161
158
160
159
160
157
159
157
160
157
159
157
158
156
157
156
158
155
158
155
157
155
156
155
156
155
156
154
156
153
154
153
155
153
154
153
154
152
153
153
153
152
153
153
151
152
150
151
151
151
151
151
150
151
149
151
149
151
148
151
149
149
147
149
147
149
148
148
148
148
147
147
147
146
148
146
148
145
147
144
146
145
145
145
145
146
144
145
143
145
143
145
143
145
143
143
143
142
142
142
143
141
143
141
143
140
142
141
141
141
140
142
140
140
139
140
138
140
140
138
140
138
140
137
138
138
138
139
137
139
136
138
136
136
136
136
137
135
138
135
136
135
135
135
135
136
134
135
135
134
133
133
134
132
134
133
133
134
132
133
131
132
132
132
133
130
133
131
131
130
130
131
129
131
130
129
131
129
130
128
129
129
128
130
128
129
129
127
128
126
128
126
127
128
126
127
127
126
127
124
127
125
125
127
124
126
125
125
124
123
125
124
123
124
123
123
124
122
123
123
121
123
122
121
120
121
120
120
122
119
119
120
118
117
117
118
116
117
116
117
114
116
116
115
115
113
114
114
113
111
113
111
112
113
111
112
111
109
111
111
110
110
111
110
109
110
108
109
110
108
109
110
107
109
109
108
108
107
107
107
107
106
108
107
106
107
107
105
107
105
105
107
104
106
106
105
104
106
104
105
104
103
103
104
103
104
104
102
103
104
103
102
103
102
101
103
101
101
103
102
103
101
101
101
101
