404
402
403
402
402
402
402
406
404
403
404
404
403
405
407
405
406
412
406
411
411
410
410
414
413
413
414
412
413
414
412
417
416
416
418
415
417
419
419
420
418
421
420
420
423
420
421
424
422
423
427
423
425
428
427
429
430
427
431
431
431
434
433
434
437
433
438
438
437
441
439
441
442
442
442
441
447
444
447
447
445
451
447
452
451
452
452
455
453
457
458
454
461
458
461
462
461
462
466
464
469
467
469
471
470
473
475
472
477
474
480
479
479
480
484
481
487
482
485
486
483
489
485
487
488
489
491
490
492
492
490
495
494
492
493
499
495
498
495
500
495
499
501
498
501
503
501
505
501
505
501
506
505
504
507
506
507
508
506
507
511
509
509
509
509
508
515
509
512
513
513
515
513
515
515
515
516
515
515
520
516
519
516
521
516
522
521
518
524
521
521
523
522
522
523
526
523
524
527
523
528
525
526
526
528
529
526
531
527
530
529
529
530
529
534
530
532
533
532
533
532
533
534
534
537
533
535
534
539
534
537
541
536
539
537
540
538
541
542
540
541
541
546
540
542
542
546
544
543
548
543
547
545
545
549
547
548
546
550
546
550
549
550
549
551
552
550
553
549
553
554
552
552
551
556
553
556
555
556
558
555
556
558
561
557
560
558
559
561
559
560
559
562
561
563
559
563
561
563
563
562
563
562
565
562
566
563
564
565
568
568
564
570
566
571
568
571
569
571
572
572
576
570
575
572
578
576
576
574
576
574
580
578
578
579
578
580
577
583
582
581
580
583
582
583
586
585
584
584
587
584
587
586
591
587
589
588
592
589
588
593
593
592
591
597
591
596
592
597
593
600
594
600
593
602
596
601
597
604
600
601
599
602
602
601
601
605
603
603
603
606
605
602
607
606
609
604
611
605
610
605
613
606
613
607
613
608
614
610
613
609
615
612
612
612
616
614
612
616
616
615
615
617
616
618
618
619
616
619
618
619
619
620
620
618
621
621
621
619
623
622
620
622
624
624
621
624
624
624
623
628
623
627
624
628
625
628
629
628
629
629
628
627
630
630
629
629
631
630
629
633
632
631
631
635
631
636
633
635
634
635
635
634
636
635
637
635
638
636
638
636
639
636
638
636
640
636
639
639
641
637
641
641
642
639
642
641
644
639
645
642
646
643
646
643
647
645
645
646
646
646
645
649
648
650
647
650
647
650
646
652
647
651
649
652
648
651
651
652
650
652
652
653
652
654
653
654
653
653
657
653
656
653
659
653
656
658
660
657
659
657
660
658
658
662
662
660
660
663
661
661
661
665
661
663
662
667
664
664
664
665
664
664
668
667
669
666
670
667
670
667
670
667
670
671
670
670
669
676
672
675
671
675
671
679
674
677
674
674
679
678
679
677
676
682
677
683
680
682
681
681
684
684
686
682
686
684
688
685
684
687
686
691
688
689
687
690
690
691
690
690
694
691
696
689
696
693
692
695
696
696
699
696
694
698
701
699
697
699
702
701
704
699
705
701
702
706
705
707
702
707
705
709
707
707
709
707
713
709
712
712
711
713
715
717
713
715
715
715
716
718
721
717
722
718
720
722
717
725
722
724
726
726
728
727
730
728
727
731
728
734
734
735
733
736
740
736
740
740
740
742
740
747
742
745
751
744
752
750
751
753
750
758
753
757
761
756
762
761
762
764
765
768
766
769
773
771
772
778
772
779
778
780
781
783
785
785
787
793
787
795
797
793
800
804
800
804
814
805
813
818
812
820
822
821
828
827
828
833
832
831
837
833
836
838
843
842
846
847
844
852
853
852
856
861
857
859
868
862
864
872
867
869
874
872
876
882
878
885
888
886
890
890
894
899
895
899
905
900
903
909
909
909
912
913
921
917
919
924
919
922
929
929
925
926
929
938
932
934
941
941
944
943
946
957
950
954
957
963
964
963
964
967
966
967
968
974
980
974
984
983
988
985
991
991
991
996
993
992
1001
999
1005
999
1004
1006
1012
1011
1007
1013
1017
1015
1021
1017
1026
1024
1026
1032
1030
1033
1034
1036
1043
1042
1047
1042
1050
1047
1054
1057
1053
1064
1061
1066
1068
1071
1075
1073
1080
1078
1081
1087
1085
1095
1089
1099
1096
1103
1101
1109
1110
1111
1118
1114
1127
1118
1128
1124
1130
1138
1131
1145
1137
1146
1143
1149
1146
1155
1155
1159
1163
1166
1169
1166
1173
1173
1177
1177
1185
1179
1189
1183
1188
1190
1192
1189
1193
1195
1199
1196
1197
1204
1202
1205
1202
1208
1205
1207
1204
1202
1205
1203
1201
1201
1200
1201
1200
1202
1199
1198
1197
1197
1197
1198
1195
1197
1192
1195
1192
1194
1192
1191
1192
1190
1190
1189
1188
1187
1187
1188
1186
1184
1185
1183
1184
1183
1182
1181
1183
1181
1180
1180
1180
1178
1177
1176
1177
1177
1174
1175
1172
1174
1174
1171
1172
1172
1172
1170
1169
1170
1167
1167
1167
1167
1167
1164
1166
1166
1165
1165
1164
1164
1162
1161
1162
1160
1159
1160
1160
1158
1157
1159
1156
1157
1157
1155
1155
1154
1153
1152
1151
1153
1149
1151
1153
1149
1151
1148
1149
1148
1147
1146
1146
1146
1144
1144
1145
1143
1143
1144
1140
1143
1139
1141
1140
1138
1138
1137
1139
1137
1137
1136
1136
1134
1134
1134
1133
1132
1133
1133
1130
1131
1130
1130
1129
1127
1129
1126
1127
1126
1127
1126
1125
1124
1124
1123
1123
1123
1122
1122
1120
1122
1120
1120
1117
1119
1116
1116
1120
1115
1121
1114
1115
1112
1112
1116
1110
1113
1110
1111
1113
1110
1108
1108
1108
1106
1109
1105
1109
1103
1106
1105
1103
1104
1102
1104
1102
1102
1101
1100
1098
1100
1097
1099
1099
1097
1098
1095
1094
1097
1092
1095
1093
1096
1092
1093
1091
1092
1089
1091
1091
1089
1090
1088
1086
1088
1085
1088
1085
1087
1086
1084
1085
1082
1083
1082
1084
1080
1082
1078
1080
1079
1078
1080
1077
1078
1076
1077
1075
1075
1077
1075
1075
1071
1074
1071
1072
1073
1071
1072
1068
1070
1068
1069
1068
1069
1069
1065
1066
1066
1065
1068
1063
1065
1061
1063
1064
1061
1065
1059
1060
1061
1057
1060
1059
1060
1057
1056
1057
1055
1058
1056
1055
1054
1055
1053
1052
1055
1051
1052
1050
1050
1051
1049
1052
1050
1048
1048
1046
1048
1047
1047
1045
1045
1044
1044
1046
1043
1041
1044
1039
1043
1043
1042
1038
1040
1039
1038
1041
1036
1036
1038
1034
1037
1036
1035
1033
1034
1034
1033
1035
1033
1032
1030
1031
1033
1029
1029
1029
1027
1029
1029
1029
1025
1025
1028
1026
1026
1024
1024
1022
1024
1026
1020
1021
1021
1020
1022
1019
1020
1018
1017
1021
1018
1018
1015
1015
1017
1016
1016
1013
1016
1013
1012
1015
1011
1012
1010
1010
1013
1010
1008
1009
1008
1011
1007
1006
1006
1006
1010
1004
1004
1004
1004
1006
1002
1001
1003
1001
1003
1001
999
1001
999
1003
998
998
997
997
1000
994
996
995
996
997
993
993
993
992
995
992
991
989
991
994
989
990
988
988
991
986
987
987
985
988
984
984
986
984
985
981
982
985
982
983
979
980
982
979
979
978
978
981
976
976
976
977
979
973
976
974
975
975
970
973
975
972
972
970
970
972
969
969
968
969
970
965
967
968
967
968
964
965
967
963
963
963
963
966
959
962
961
960
961
959
957
961
958
958
956
958
960
954
956
957
955
955
953
953
955
951
952
952
953
952
950
949
951
949
949
947
949
950
944
948
949
945
946
943
946
947
941
943
944
943
942
941
942
942
940
940
938
941
941
937
938
941
935
937
936
936
937
933
935
936
932
933
932
934
933
929
932
935
928
929
931
931
928
927
929
929
925
926
928
926
926
924
926
926
923
922
925
922
922
921
923
921
918
920
922
916
919
919
918
917
916
919
917
915
915
916
914
914
913
914
913
911
913
914
910
911
912
909
909
909
909
908
907
909
909
906
905
907
906
904
905
906
904
902
905
904
902
901
903
899
900
901
901
900
899
900
898
897
897
900
896
895
898
895
894
894
895
893
893
894
893
890
892
893
890
890
893
889
888
890
890
888
886
890
887
885
887
889
884
884
886
882
883
885
883
882
881
882
881
881
882
880
879
879
882
878
877
881
875
876
880
874
875
875
875
874
875
873
873
874
872
870
872
873
870
870
872
869
869
872
865
867
870
867
865
867
867
866
865
866
863
864
865
864
861
864
864
859
862
863
859
859
863
857
859
860
856
857
860
855
855
858
856
854
855
856
853
853
856
853
852
853
852
851
852
849
851
851
849
849
850
847
847
849
847
846
847
847
844
845
847
843
844
846
842
843
845
841
840
844
840
839
843
839
838
842
838
838
838
838
836
838
836
836
837
834
835
836
833
833
835
832
832
834
830
833
833
829
830
833
830
829
830
828
827
829
828
826
829
825
826
827
825
824
827
822
823
825
821
822
824
820
822
823
818
822
821
817
822
818
817
820
816
817
818
816
816
818
815
816
815
814
814
815
812
813
814
810
814
810
810
813
808
811
811
809
810
810
808
807
809
806
807
809
803
807
805
804
806
802
804
804
802
803
803
801
801
803
798
803
799
798
803
796
798
800
798
795
800
795
797
796
794
797
793
796
794
794
792
795
791
794
791
790
794
789
790
792
788
788
792
785
790
788
788
787
786
786
788
783
788
785
783
787
783
782
786
780
784
782
780
782
781
780
781
779
781
778
778
782
776
777
781
774
778
776
776
776
775
774
776
771
777
772
773
774
771
771
773
770
772
770
769
771
767
772
766
769
769
767
766
768
766
768
765
766
766
762
769
761
763
767
760
763
762
762
762
762
761
761
759
762
758
758
761
756
760
758
756
759
754
759
754
755
759
751
757
753
755
754
752
757
749
752
754
748
754
749
751
751
747
752
746
748
752
745
749
747
746
749
744
749
743
744
748
740
746
744
742
744
740
745
742
740
743
739
741
740
740
739
739
741
736
739
738
738
739
735
739
734
735
738
733
737
734
734
733
734
734
731
734
731
731
734
728
733
730
728
731
728
729
728
730
725
727
730
724
728
726
724
726
724
728
722
725
723
722
725
723
724
722
721
722
720
722
719
723
718
718
720
718
719
715
720
717
715
717
716
716
714
717
714
714
715
713
715
711
715
711
712
712
711
712
708
713
709
710
710
708
711
706
710
707
707
707
706
709
704
707
704
706
705
703
705
703
705
700
704
702
702
701
701
704
698
700
699
702
699
697
699
699
699
696
699
698
697
696
696
695
695
697
691
696
694
695
691
692
695
691
693
689
694
688
692
690
689
689
689
691
686
689
687
690
687
686
686
686
686
685
687
682
686
684
686
682
683
682
682
684
681
684
678
683
679
683
678
680
678
679
679
677
680
675
678
676
678
676
676
675
675
675
674
676
673
675
672
675
671
674
673
672
670
670
672
670
672
669
671
667
669
667
670
667
668
667
666
666
665
667
665
667
665
666
662
665
662
666
661
663
662
663
660
661
661
660
660
660
662
658
660
657
660
655
659
656
659
656
657
656
656
654
654
656
654
655
654
655
652
654
651
654
650
652
649
653
649
651
649
653
648
649
649
649
647
647
647
647
646
646
647
646
645
645
646
643
645
643
646
641
643
641
645
639
643
640
643
638
642
639
641
638
640
638
640
638
638
637
638
637
636
637
636
634
635
635
635
633
634
634
634
632
632
633
632
632
632
632
630
631
630
632
631
629
629
629
628
628
627
628
627
627
625
627
626
627
624
627
624
624
623
626
623
624
621
624
621
622
621
622
621
620
621
620
620
619
619
619
618
618
618
619
617
616
617
616
617
615
615
615
614
614
614
614
611
613
613
614
611
611
610
614
608
612
609
611
607
611
607
610
607
609
606
610
605
607
605
607
604
606
604
605
605
604
603
604
604
602
603
602
604
600
602
600
602
599
601
598
601
598
600
597
601
596
598
596
599
596
596
596
598
596
595
595
595
595
592
594
592
595
591
594
591
593
590
591
590
591
591
590
591
590
589
587
590
587
590
586
589
586
589
584
586
585
587
585
584
586
585
584
583
583
582
585
581
583
580
582
580
580
581
581
582
578
580
577
580
577
580
576
579
576
577
576
578
577
574
576
574
577
572
576
573
574
572
573
573
573
573
569
572
569
574
569
571
568
570
570
569
569
569
569
565
570
566
568
565
566
566
567
568
562
566
563
567
562
564
562
563
564
563
562
560
564
561
562
559
560
561
559
562
557
561
557
560
557
559
557
558
557
556
557
554
557
554
556
554
555
555
553
554
553
554
552
553
552
552
552
550
552
549
552
548
550
551
548
548
547
551
546
549
546
548
548
544
546
545
548
544
544
546
545
544
541
546
542
544
542
542
544
539
544
540
540
540
542
541
537
540
538
541
537
537
539
536
539
535
538
535
538
538
533
536
534
537
532
534
535
532
535
531
533
531
533
529
532
531
531
530
530
530
527
533
527
527
529
528
529
525
528
525
526
528
524
525
525
526
523
525
524
521
526
521
522
524
523
522
520
522
519
522
521
519
521
518
519
520
518
518
517
519
517
517
517
514
520
514
514
518
514
516
513
514
514
514
514
511
514
512
513
513
508
514
509
512
511
507
512
508
509
511
506
510
507
508
510
505
507
506
507
506
506
504
505
507
504
504
504
503
505
502
504
502
502
505
500
502
501
500
503
499
500
500
498
501
498
499
498
497
499
497
498
496
496
497
496
496
495
494
496
495
494
493
494
494
494
492
493
493
492
493
489
493
490
490
492
488
492
487
490
490
486
490
487
488
489
485
487
487
486
488
484
484
487
483
488
482
484
484
482
485
482
483
482
483
481
