402
402
404
407
402
405
408
406
408
410
408
408
411
410
413
415
413
415
414
415
418
418
418
421
420
420
421
423
423
426
423
423
427
426
427
430
426
429
432
428
432
435
431
435
433
434
438
436
438
437
438
441
439
441
441
443
443
444
447
442
449
446
447
451
450
450
451
451
453
456
454
456
457
457
462
457
461
461
463
463
468
463
469
466
470
471
471
471
476
472
479
476
479
481
479
483
484
485
485
486
488
491
487
492
492
493
497
493
498
496
498
503
499
503
501
504
508
504
508
507
509
512
509
511
511
513
516
514
514
515
521
518
518
521
519
524
523
522
525
526
527
526
530
527
531
534
530
533
533
537
535
536
539
537
542
541
541
541
544
545
545
545
545
551
547
548
550
552
555
553
558
555
556
558
559
561
559
561
561
564
565
565
570
565
568
567
571
569
574
571
573
575
577
578
575
577
576
581
579
580
579
582
582
582
584
584
587
586
587
586
590
587
590
589
592
591
591
591
592
593
595
595
596
597
597
597
596
599
599
600
598
603
601
601
601
606
603
604
603
610
603
604
604
609
608
606
608
610
610
609
610
613
611
611
614
614
616
614
615
616
616
615
616
618
617
620
620
620
621
620
622
622
623
624
623
623
627
624
626
625
632
625
629
628
634
627
631
631
633
630
633
633
637
631
634
634
639
633
635
636
640
634
638
638
640
636
639
640
639
639
640
642
639
642
641
643
643
643
641
645
643
646
644
646
645
646
647
648
647
648
647
651
646
649
649
653
647
651
652
652
657
652
652
651
655
654
660
653
657
654
658
659
657
657
658
661
660
658
657
663
659
660
659
664
661
664
662
665
660
663
665
667
664
665
670
666
667
666
671
670
669
670
670
670
671
672
675
672
672
675
673
675
675
679
675
676
677
679
675
678
681
682
680
678
684
681
682
680
683
685
685
687
683
685
685
690
687
688
688
688
690
690
694
687
692
691
695
693
693
697
694
696
695
698
697
698
698
699
700
699
704
697
703
701
701
703
703
706
700
706
707
708
704
706
708
708
708
708
712
708
709
714
710
713
711
714
714
715
717
717
716
716
721
717
717
721
719
719
721
723
718
721
723
722
725
726
726
724
727
729
725
731
729
730
735
733
733
735
736
740
738
740
745
744
747
747
746
752
748
750
755
752
757
756
758
761
758
765
760
764
767
765
768
770
770
773
773
775
778
776
782
779
782
786
785
785
792
790
793
794
794
800
800
803
805
806
807
812
811
815
820
817
824
827
823
831
834
832
839
841
842
846
851
848
852
860
856
860
866
866
868
874
872
875
883
884
885
886
892
894
895
903
904
903
909
912
912
916
919
923
925
927
932
935
934
938
943
947
946
949
956
958
958
963
964
971
971
974
976
979
985
991
993
999
998
1003
1008
1012
1017
1021
1020
1025
1025
1026
1034
1038
1044
1060
1060
1064
1074
1084
1083
1089
1098
1098
1111
1112
1119
1128
1131
1140
1141
1149
1150
1153
1162
1164
1165
1169
1174
1177
1178
1174
1181
1174
1183
1183
1180
1184
1185
1185
1183
1184
1180
1185
1189
1192
1187
1191
1188
1189
1186
1187
1191
1189
1196
1190
1194
1190
1193
1192
1196
1196
1198
1196
1199
1198
1198
1196
1198
1194
1198
1199
1200
1197
1200
1199
1199
1199
1197
1199
1194
1199
1195
1197
1192
1196
1193
1196
1193
1196
1191
1194
1190
1192
1189
1191
1189
1189
1189
1188
1187
1185
1188
1185
1188
1182
1187
1182
1185
1182
1185
1179
1183
1179
1180
1178
1178
1177
1175
1179
1175
1177
1173
1177
1172
1176
1172
1173
1172
1171
1170
1169
1169
1168
1170
1165
1169
1163
1168
1163
1165
1162
1162
1162
1160
1165
1157
1160
1158
1159
1156
1157
1157
1155
1157
1154
1157
1150
1154
1150
1150
1152
1149
1150
1148
1151
1147
1150
1143
1145
1147
1142
1146
1142
1144
1142
1144
1140
1143
1139
1140
1140
1139
1141
1137
1140
1138
1139
1135
1137
1136
1135
1136
1133
1134
1133
1135
1132
1135
1130
1134
1128
1130
1132
1127
1132
1127
1130
1127
1129
1126
1127
1124
1127
1124
1124
1127
1122
1127
1121
1123
1122
1121
1123
1119
1122
1118
1121
1117
1118
1117
1116
1118
1115
1118
1114
1117
1113
1114
1113
1113
1112
1112
1113
1111
1113
1108
1111
1109
1108
1110
1107
1109
1106
1109
1106
1106
1105
1105
1105
1104
1106
1103
1105
1101
1102
1103
1099
1104
1097
1104
1097
1102
1096
1096
1100
1095
1094
1096
1091
1092
1093
1089
1092
1088
1089
1088
1085
1090
1084
1085
1084
1083
1086
1082
1082
1082
1080
1082
1080
1081
1078
1077
1081
1075
1080
1075
1076
1076
1072
1077
1073
1072
1074
1069
1075
1069
1074
1070
1070
1070
1067
1072
1067
1071
1065
1067
1068
1064
1069
1064
1067
1064
1063
1065
1062
1065
1062
1065
1060
1061
1061
1060
1063
1058
1062
1056
1059
1059
1056
1060
1055
1058
1055
1055
1057
1053
1059
1051
1054
1054
1050
1056
1051
1054
1049
1049
1053
1047
1050
1047
1047
1050
1045
1050
1046
1045
1047
1043
1042
1045
1040
1045
1041
1039
1043
1037
1038
1041
1035
1040
1035
1034
1038
1032
1036
1036
1031
1035
1028
1028
1027
1029
1025
1026
1021
1022
1017
1018
1012
1009
1008
1007
1013
1008
1004
1006
1008
1006
999
1003
1002
999
1001
1000
998
1001
997
999
998
996
1000
993
997
996
993
999
995
992
992
992
990
996
988
990
990
988
993
986
988
989
984
986
988
984
987
982
985
987
982
985
981
981
985
981
979
984
976
980
979
977
982
977
976
980
972
976
978
973
971
977
970
973
972
971
975
970
968
973
965
969
971
966
962
967
968
965
961
962
955
956
955
956
959
950
954
954
951
947
952
952
953
945
946
950
942
945
949
942
945
947
939
943
945
940
940
944
937
940
941
942
933
937
939
933
937
935
933
938
931
934
933
931
932
936
926
931
934
930
928
933
925
927
931
925
927
928
924
924
929
920
924
925
921
921
925
918
921
920
919
920
921
916
914
917
917
914
914
919
910
910
913
911
915
906
910
914
907
909
909
910
910
906
901
903
898
897
897
896
898
890
888
892
895
891
888
890
888
891
884
887
891
887
884
886
885
882
883
886
881
881
882
884
878
881
880
878
879
879
881
874
875
879
873
875
874
875
874
874
872
872
871
872
873
867
868
864
868
870
864
866
869
865
865
865
864
863
864
862
863
861
865
859
859
863
862
862
856
855
856
854
853
851
851
851
850
842
837
840
835
838
828
830
826
823
824
827
821
824
818
820
819
822
816
819
820
815
816
817
816
815
815
813
816
813
813
812
811
809
815
807
809
814
805
806
807
811
805
806
810
804
805
809
802
803
805
804
803
802
802
801
803
801
797
800
803
793
795
796
794
797
790
795
794
787
791
789
790
788
791
785
784
782
780
780
779
779
779
778
780
774
779
772
775
775
774
772
775
772
772
768
772
775
768
771
769
768
766
772
771
764
767
764
767
765
768
763
762
767
762
762
761
757
760
763
761
757
758
759
756
760
754
752
756
756
752
757
751
752
754
752
751
755
747
749
751
749
746
751
747
745
748
744
740
741
742
743
739
735
738
735
730
731
729
733
726
725
728
724
727
730
724
724
726
723
724
723
724
725
720
720
720
720
723
718
718
718
717
716
719
716
719
713
714
714
714
716
716
712
711
709
710
714
709
713
711
708
709
706
706
706
704
709
706
704
703
700
704
699
702
701
701
696
691
688
688
685
681
676
677
678
674
675
674
673
671
668
671
666
668
667
665
665
666
661
661
661
654
657
656
656
656
657
654
655
655
653
652
650
652
648
651
650
652
649
649
648
646
644
642
645
644
640
638
637
635
632
631
631
630
633
628
633
626
631
626
627
625
626
624
