428
430
431
430
432
434
435
435
438
436
438
442
439
445
443
443
447
446
449
450
448
451
455
453
456
458
455
462
459
462
464
464
464
469
466
472
470
472
473
475
475
479
475
482
479
482
485
481
487
485
488
488
487
488
491
490
490
488
490
495
490
493
493
495
496
494
500
493
496
501
497
500
499
499
501
500
505
499
504
507
500
508
504
505
507
507
508
504
507
512
506
510
507
508
513
512
509
509
514
512
515
514
510
516
514
514
517
515
518
515
519
519
517
522
521
520
519
522
523
520
524
519
521
523
522
526
523
524
524
526
526
524
530
526
528
529
528
532
529
532
528
531
533
533
533
529
537
534
534
536
535
536
535
541
535
536
540
540
540
535
544
541
540
542
542
542
542
546
542
547
545
545
550
545
548
547
550
547
549
551
551
554
549
553
554
558
555
554
557
557
556
553
560
561
559
555
557
562
560
559
559
563
560
563
560
563
563
563
569
565
567
564
571
568
570
568
570
569
570
574
570
571
570
575
572
577
572
574
573
575
577
576
577
577
579
574
580
579
582
579
581
584
584
584
582
586
586
586
584
589
585
592
587
590
589
592
588
592
593
591
591
594
595
593
595
594
596
593
598
593
597
597
601
595
600
598
600
598
600
600
602
600
600
602
602
601
601
607
606
607
602
607
604
607
603
609
606
609
605
611
610
612
606
612
612
613
611
614
612
616
612
614
614
617
615
615
614
618
617
617
619
620
618
620
620
621
623
622
622
621
623
625
626
625
624
625
626
627
630
626
629
629
629
627
631
630
630
632
632
632
633
634
633
634
634
636
635
637
634
637
636
640
638
641
637
644
640
643
640
644
640
644
644
646
642
648
645
647
644
649
647
647
646
649
650
648
648
649
652
653
654
653
657
652
656
653
657
653
660
658
659
657
661
658
658
659
662
661
659
666
664
666
661
668
665
667
663
668
667
668
666
669
670
667
669
671
672
667
672
670
674
670
673
673
676
675
678
680
676
679
678
680
676
685
682
682
681
684
685
682
683
684
690
685
689
689
688
688
689
693
690
692
691
694
691
694
693
694
697
694
697
695
699
697
697
698
701
705
699
705
705
707
703
707
710
707
710
709
714
709
713
716
713
716
714
720
717
719
722
720
722
723
725
722
726
730
725
732
731
732
733
736
734
737
738
739
742
739
746
741
745
749
745
751
748
750
754
752
757
755
758
760
757
765
762
765
766
768
768
771
771
777
772
777
781
777
783
785
787
790
789
792
796
797
798
803
801
808
807
809
817
812
817
821
818
825
830
827
832
836
834
840
844
840
847
852
849
857
861
857
861
866
870
870
871
878
879
879
885
886
887
893
899
894
900
905
904
907
911
914
917
917
923
927
927
929
934
936
937
938
945
950
948
951
955
958
960
960
966
972
969
973
974
980
983
981
987
989
994
1000
996
1002
1004
1007
1010
1007
1014
1014
1023
1025
1023
1028
1025
1034
1035
1036
1043
1040
1048
1046
1055
1053
1053
1060
1055
1065
1064
1071
1073
1070
1079
1074
1085
1082
1090
1089
1092
1096
1095
1104
1101
1107
1110
1111
1115
1118
1121
1118
1127
1126
1132
1134
1136
1138
1141
1143
1144
115
1147
1156
1153
1159
1159
1164
1164
1171
1169
1171
1173
1173
1176
1172
1177
1170
1173
1168
1173
1169
1171
1173
1179
1174
1172
1173
1175
1177
1175
1181
1179
1183
1175
1178
1174
1177
1176
1179
1181
1181
1179
1176
1176
1176
1175
1173
1180
1180
1180
1174
1179
1180
1183
1178
1180
1178
1178
1177
1176
1176
1178
1180
1177
1176
1176
1177
1173
1176
1174
1179
1177
1175
1176
1176
1175
1178
1178
1174
1174
1173
1175
1175
1180
1175
1177
1175
1175
1173
1174
1173
1173
1171
1170
1171
1169
1169
1168
1168
1166
1166
1164
1167
1163
1164
1163
1162
1161
1160
1162
1159
1158
1158
1159
1154
1157
1154
1157
1153
1154
1154
1150
1152
1149
1149
1150
1148
1146
1149
1146
1146
1146
1145
1143
1143
1143
1140
1142
1139
1140
1139
1138
1139
1139
1136
1135
1136
1134
1135
1133
1133
1132
1133
1130
1132
1129
1129
1127
1128
1127
1125
1126
1125
1125
1124
1123
1123
1121
1122
1120
1120
1119
1119
1119
1117
1118
1116
1116
1116
1113
1114
1113
1113
1114
1111
1111
1109
1111
1109
1107
1109
1107
1107
1106
1104
1105
1103
1103
1103
1102
1103
1101
1102
1098
1100
1097
1100
1096
1098
1097
1095
1095
1093
1094
1093
1093
1094
1091
1092
1088
1090
1087
1090
1087
1089
1086
1086
1085
1084
1084
1083
1083
1084
1081
1083
1079
1080
1079
1079
1080
1077
1078
1074
1077
1074
1075
1076
1073
1074
1070
1073
1070
1071
1071
1069
1070
1066
1069
1067
1067
1067
1067
1065
1062
1064
1063
1063
1064
1061
1060
1060
1059
1059
1060
1058
1057
1056
1056
1056
1054
1057
105
1051
1055
1050
1053
1052
1050
1050
1049
1048
1048
1049
1048
1047
1045
1044
1046
1044
1045
1043
1041
1042
1041
1042
1041
1039
1039
1037
1040
1038
1037
1037
1035
1035
1036
1033
1033
1033
1029
1033
1032
1030
1029
1028
1029
1028
1028
1028
1025
1026
1026
1026
1024
1022
1024
1021
1023
1022
1021
1019
1019
1021
1020
1018
1017
1017
1016
1016
1016
1017
1014
1012
1013
1015
1012
1010
1011
1010
1012
1010
1006
1010
1007
1008
1007
1004
1006
1005
1005
1004
1003
1003
1001
1003
1001
1000
1001
998
1001
998
996
1000
996
998
997
993
997
994
995
993
991
992
991
993
991
988
989
988
991
988
985
987
986
986
985
984
984
984
983
982
981
982
982
980
979
978
980
978
977
978
975
978
976
972
975
974
975
973
971
972
972
971
969
969
970
970
968
967
966
969
966
963
965
965
964
964
961
964
963
960
961
961
961
960
957
957
959
958
955
955
959
955
954
955
952
955
953
950
952
954
949
950
948
950
949
947
947
947
948
945
944
946
945
942
944
942
944
941
940
942
942
937
940
940
939
937
936
938
937
935
935
935
936
933
931
935
933
929
932
931
930
930
927
930
930
926
927
928
926
925
924
927
924
922
924
923
921
922
920
922
920
917
921
920
916
918
918
917
916
915
916
915
913
913
915
911
912
912
912
910
909
912
910
906
909
909
905
907
907
906
906
903
906
904
902
902
904
900
901
902
902
899
898
902
897
896
899
899
894
897
897
892
895
894
894
894
891
893
891
890
892
891
889
889
889
887
888
887
888
887
883
887
885
883
886
885
881
882
884
880
881
882
879
878
880
880
878
876
878
876
875
879
874
872
877
875
871
873
874
872
872
872
870
869
871
870
868
867
869
867
865
868
865
864
867
864
861
865
865
860
863
863
860
861
861
857
860
861
856
857
860
856
855
856
857
854
853
856
854
851
854
853
850
852
851
849
851
849
848
850
848
846
849
846
844
849
845
842
846
846
840
844
844
840
842
843
838
841
842
837
838
841
836
837
839
836
835
837
835
833
836
833
833
834
832
832
832
830
831
831
829
830
830
827
828
829
825
827
828
823
825
828
821
825
825
820
824
823
819
825
820
817
824
818
816
822
817
816
819
817
816
816
816
814
816
815
811
815
812
812
813
809
813
810
809
811
807
810
809
805
811
807
805
806
808
802
806
806
800
806
802
802
803
801
801
803
800
798
802
798
798
800
797
798
796
798
796
794
795
797
791
795
795
790
795
791
791
792
791
789
791
788
790
788
789
788
787
788
787
784
787
785
782
787
783
782
784
784
781
781
781
783
777
781
781
778
779
778
776
780
776
776
779
774
776
774
775
775
773
774
774
769
776
770
770
771
771
769
769
769
770
767
767
770
764
769
764
766
766
764
764
764
764
763
762
763
763
758
764
761
758
761
759
761
756
759
760
754
759
755
756
757
754
756
753
755
754
752
754
751
751
754
750
750
750
751
750
747
750
748
747
748
747
747
744
749
747
742
747
742
744
745
741
744
741
742
742
738
744
739
737
742
738
739
736
739
737
735
738
737
735
733
736
736
731
736
732
732
734
730
733
731
730
730
730
731
728
730
727
729
728
724
729
727
724
724
727
726
721
727
724
722
722
723
723
719
723
719
720
722
717
721
719
719
716
717
719
716
717
715
717
713
714
716
713
715
712
714
712
711
712
712
712
709
711
708
710
709
707
709
707
709
706
705
708
705
705
703
708
703
702
703
704
704
698
704
703
701
698
701
701
699
699
697
701
696
698
696
697
697
696
696
693
697
694
694
692
694
693
691
694
690
692
689
693
689
689
689
692
690
684
689
688
688
685
686
686
685
686
684
685
682
685
683
684
681
682
681
681
683
680
681
676
683
679
679
676
679
677
676
677
678
678
672
676
675
676
672
675
673
672
672
672
673
670
673
668
672
668
673
668
669
667
669
667
666
668
668
667
663
666
665
665
661
666
664
664
661
663
662
661
659
662
662
659
660
658
662
656
660
657
659
655
659
656
656
654
657
654
653
653
656
653
652
654
653
653
649
652
650
652
647
651
649
650
647
649
648
649
646
647
646
645
645
646
644
645
644
645
643
642
644
644
643
639
642
641
642
636
642
639
641
635
641
637
639
635
639
635
638
633
637
634
636
633
636
632
635
631
634
632
631
630
633
630
629
630
631
629
629
626
630
628
627
625
629
626
626
623
626
625
625
622
625
623
623
622
623
622
621
620
622
621
620
618
621
618
619
616
620
617
617
614
619
615
616
612
617
614
615
611
616
612
615
610
614
610
614
608
612
610
611
608
611
608
609
606
609
608
607
605
609
607
605
604
605
606
604
604
602
605
602
602
600
604
601
602
597
603
599
601
597
600
598
599
596
597
597
597
596
596
597
595
596
593
596
592
594
590
596
591
594
590
593
591
591
588
589
591
590
589
587
590
587
588
585
589
585
589
584
587
584
585
583
583
585
583
584
581
584
580
583
579
583
581
581
577
580
580
578
579
577
579
576
578
573
579
576
577
572
575
575
574
575
572
574
571
574
569
575
570
572
568
571
571
570
569
567
570
567
570
565
568
567
566
566
566
567
563
566
562
566
564
563
561
563
564
562
562
559
563
561
561
557
559
561
560
558
556
560
556
559
554
557
557
556
557
552
557
554
555
551
553
555
553
552
549
554
551
552
548
550
553
549
549
546
551
548
548
547
548
548
545
547
544
547
544
545
545
545
544
542
545
541
542
543
542
542
538
543
540
538
540
541
537
539
537
538
537
538
537
533
538
537
535
533
536
535
532
535
532
533
533
533
532
529
534
530
530
529
531
531
527
531
526
529
530
527
527
524
529
526
525
527
523
527
524
524
523
524
524
521
525
519
522
524
519
522
519
520
520
521
519
516
521
517
517
519
515
519
516
515
516
515
516
514
515
512
515
515
511
515
510
512
514
509
513
509
510
512
509
510
507
509
509
509
507
506
508
507
508
505
504
507
504
506
505
501
506
503
503
504
499
505
501
502
501
498
504
499
500
501
497
502
497
499
498
495
500
496
497
496
493
498
494
497
494
491
496
494
494
493
491
493
492
492
492
489
490
492
489
491
487
490
491
486
490
485
488
489
485
487
484
487
486
485
484
484
483
485
484
482
484
479
485
481
482
481
479
481
481
480
480
477
478
482
477
480
475
478
477
476
476
477
473
478
474
475
474
472
475
474
472
474
470
472
474
470
472
469
471
472
469
469
470
466
471
468
468
467
466
467
469
464
467
465
465
466
465
464
464
462
464
464
462
465
459
463
462
460
460
462
457
463
458
460
459
457
458
460
456
457
457
455
458
455
457
455
453
454
457
452
455
453
451
455
451
454
452
450
451
453
449
450
451
446
452
448
449
449
446
448
448
447
446
447
444
447
447
443
446
443
444
445
443
444
442
442
441
444
441
440
443
438
442
441
438
441
437
438
440
438
438
437
436
437
438
436
435
437
433
434
438
432
435
434
432
435
433
431
434
430
431
433
430
431
430
429
430
429
429
429
428
427
428
429
426
426
428
424
426
428
424
424
426
422
425
425
421
424
424
419
424
423
420
422
421
418
422
421
418
421
418
416
421
418
416
419
417
415
418
416
415
417
415
412
417
415
412
416
413
411
415
413
410
