403
404
402
403
406
403
406
409
408
405
411
408
407
413
412
409
412
413
412
415
416
412
417
417
415
420
421
417
422
422
420
425
425
422
427
426
426
430
428
428
432
430
433
435
431
435
434
436
438
439
437
439
441
439
443
445
441
446
445
446
451
446
449
449
451
451
454
451
453
455
455
459
456
459
460
459
463
465
461
466
465
467
470
468
468
473
472
476
474
476
476
478
480
483
479
485
482
486
487
484
489
487
491
489
487
490
488
493
492
493
491
498
492
499
494
497
497
499
500
499
499
506
498
506
501
502
504
507
506
506
507
509
506
511
508
508
510
514
513
510
516
510
516
516
514
516
518
517
520
517
519
518
522
519
521
524
520
526
522
524
524
526
527
525
527
530
527
532
526
530
529
534
531
532
536
529
538
533
534
535
539
538
535
542
537
541
539
541
541
542
545
542
547
540
547
547
545
547
548
551
548
551
548
552
553
550
552
551
556
552
554
553
557
555
554
559
556
559
556
557
557
560
559
557
559
558
563
560
559
565
561
565
561
564
563
567
564
569
562
569
567
567
571
569
571
569
573
568
575
571
573
571
577
576
576
575
576
580
577
578
578
581
580
581
579
581
583
583
586
579
585
582
588
582
591
584
588
584
589
588
589
587
590
592
591
591
589
594
591
592
593
597
593
595
597
598
596
597
598
597
598
599
599
599
601
600
599
601
602
601
601
602
605
602
605
607
608
605
610
604
610
606
610
606
612
608
611
609
614
611
611
611
615
614
612
616
615
616
613
618
615
618
616
620
616
620
618
618
619
620
619
618
622
622
619
622
622
624
621
625
621
627
622
626
624
628
625
626
627
628
626
628
627
630
627
632
627
632
629
631
629
633
630
631
633
633
632
633
635
634
633
633
637
635
634
636
637
636
635
639
639
638
638
639
642
639
641
640
642
640
644
638
645
640
642
642
645
642
644
645
647
643
647
647
648
646
649
646
648
646
647
649
649
650
648
653
650
652
648
653
649
651
653
654
651
652
653
655
653
658
655
655
653
658
656
656
657
656
660
657
658
657
661
656
660
658
662
658
663
659
661
658
664
663
662
664
664
665
661
666
663
667
662
667
666
668
665
669
668
668
670
666
672
667
672
668
674
670
674
671
673
671
675
674
673
675
672
677
673
676
675
679
677
675
678
677
677
679
681
676
681
677
685
680
681
680
681
683
685
686
682
686
683
689
687
687
689
689
692
689
692
688
692
694
695
691
694
696
694
699
691
699
694
697
699
698
699
697
702
698
704
700
701
700
702
707
702
706
703
706
702
707
710
706
709
707
710
706
710
713
712
714
709
715
710
712
719
715
717
716
721
717
716
720
718
718
723
724
720
725
726
723
727
725
727
725
727
730
725
732
730
730
733
729
735
733
734
736
736
738
737
743
739
741
746
741
747
745
746
749
746
754
748
752
758
751
759
756
760
763
759
766
761
767
770
768
769
775
771
777
775
777
781
780
784
783
785
787
792
797
793
797
803
798
804
808
805
813
814
815
819
820
821
824
825
827
828
831
831
832
835
835
835
837
839
838
844
844
843
848
851
852
854
853
860
858
856
860
864
862
863
870
867
871
875
870
875
878
875
879
878
882
887
889
891
892
890
893
899
895
895
904
900
897
904
906
906
907
907
914
910
912
922
914
920
927
927
928
929
933
938
933
939
942
942
943
942
943
952
947
952
956
957
956
955
956
965
963
963
965
968
974
970
975
980
982
982
982
986
989
992
995
993
996
1003
1002
1002
1002
1003
1008
1008
1006
1005
1011
1014
1015
1021
1018
1025
1027
1027
1028
1031
1029
1031
1038
1039
1039
1045
1042
1049
1051
1055
1052
1059
1058
1066
1067
1069
1075
1069
1080
1077
1084
1082
1084
1091
1087
1094
1092
1098
1103
1101
1110
1107
1114
1110
1120
1117
1124
1124
1126
1134
1131
1137
1141
1140
1149
1146
1152
1157
1157
1161
1161
1166
1161
1172
1169
1177
1170
1182
1177
1184
1182
1182
1182
1184
1182
1186
1193
1190
1195
1190
1195
1193
1198
1198
1203
1196
1201
1198
1198
1200
1198
1196
1200
1202
1203
1204
1204
1204
1205
1208
1207
1207
1207
1206
1209
1205
1204
1204
1204
1205
1203
1202
1202
1201
1201
1201
1200
1199
1199
1197
1200
1197
1199
1199
1194
1197
1194
1195
1195
1193
1192
1192
1193
1192
1190
1189
1188
1189
1187
1187
1186
1185
1186
1186
1185
1182
1183
1183
1182
1181
1181
1180
1180
1177
1179
1177
1177
1177
1174
1175
1175
1174
1172
1173
1174
1172
1171
1171
1170
1170
1168
1168
1169
1166
1167
1165
1168
1164
1165
1165
1165
1163
1163
1161
1161
1159
1160
1162
1158
1160
1157
1158
1157
1158
1157
1155
1155
1155
1153
1154
1152
1152
1151
1150
1152
1149
1151
1148
1148
1148
1147
1146
1147
1145
1144
1145
1145
1144
1144
1145
1140
1142
1140
1139
1142
1138
1138
1139
1137
1138
1139
1135
1138
1133
1135
1135
1132
1133
1133
1132
1131
1132
1130
1131
1128
1131
1128
1127
1128
1126
1128
1126
1128
1124
1123
1125
1123
1122
1122
1122
1122
1122
1120
1121
1117
1121
1117
1117
1119
1115
1121
1114
1115
1114
1114
1114
1112
1113
1112
1114
1111
1112
1109
1110
1109
1108
1111
1106
1111
1105
1107
1105
1105
1105
1104
1104
1104
1105
1101
1103
1099
1102
1100
1099
1101
1099
1099
1097
1096
1098
1095
1096
1097
1097
1094
1095
1091
1094
1091
1092
1092
1092
1091
1089
1089
1090
1087
1089
1087
1089
1086
1087
1084
1086
1083
1085
1085
1083
1083
1081
1081
1081
1081
1081
1081
1080
1079
1077
1077
1077
1078
1077
1077
1075
1074
1075
1072
1076
1073
1073
1072
1070
1072
1069
1072
1070
1070
1068
1067
1068
1066
1069
1066
1066
1066
1063
1066
1063
1064
1064
1063
1061
1062
1060
1061
1061
1059
1061
1056
1059
1057
1057
1060
1055
1056
1055
1054
1055
1054
1056
1052
1052
1051
1052
1052
1051
1052
1048
1049
1049
1047
1051
1046
1046
1047
1044
1047
1047
1046
1043
1044
1042
1043
1045
1040
1043
1040
1038
1042
1041
1039
1038
1038
1036
1038
1039
1035
1036
1035
1033
1036
1034
1034
1031
1032
1033
1030
1034
1031
1029
1029
1029
1031
1028
1028
1027
1025
1028
1026
1027
1023
1024
1025
1023
1025
1022
1023
1021
1021
1023
1020
1019
1020
1019
1020
1017
1018
1017
1015
1018
1016
1016
1014
1013
1015
1015
1013
1011
1013
1012
1011
1013
1008
1010
1010
1008
1011
1006
1008
1008
1005
1009
1005
1005
1004
1004
1007
1003
1003
1001
1003
1005
999
1000
1000
999
1003
998
998
997
997
1000
996
996
995
996
998
993
994
993
993
995
991
992
991
990
993
988
990
989
989
990
985
988
988
987
988
982
985
987
984
985
982
982
984
981
982
981
980
983
979
979
977
979
982
975
978
977
976
978
972
976
977
973
975
972
972
974
971
972
970
971
973
968
971
968
969
970
964
967
969
965
967
965
964
967
963
963
963
963
964
960
962
961
962
961
959
959
962
957
958
957
957
959
953
956
957
955
956
953
954
956
951
954
951
953
953
948
950
952
948
950
948
949
949
945
948
948
946
946
943
946
947
941
944
944
943
940
942
944
937
941
940
939
940
937
938
940
935
937
937
937
936
933
935
937
931
934
934
932
933
930
932
933
928
931
931
930
928
927
929
931
923
929
928
925
926
924
926
926
921
924
925
920
923
921
922
921
918
922
923
916
920
921
918
918
916
918
919
913
916
917
912
914
915
914
913
911
914
914
909
912
913
908
910
909
910
908
907
910
909
905
907
907
905
904
905
906
904
902
906
904
900
902
904
898
901
902
901
899
898
900
898
896
898
899
896
896
897
896
894
894
896
894
892
896
893
889
893
893
890
891
892
889
889
889
890
888
887
889
886
885
888
888
884
885
887
882
883
886
883
882
882
882
881
881
882
880
878
881
880
878
878
879
876
877
879
876
876
876
876
874
874
874
873
873
874
872
870
873
872
870
870
871
869
870
870
867
867
870
868
865
867
867
865
865
865
863
865
865
862
862
863
863
860
862
862
860
859
862
858
859
861
855
858
860
855
856
858
856
854
855
856
854
852
855
853
852
853
853
851
852
850
850
852
849
847
851
848
847
849
848
846
847
847
844
846
846
844
843
846
842
843
844
841
842
843
840
840
842
839
839
841
837
839
839
837
837
837
836
836
837
834
835
836
833
834
835
831
833
834
829
832
833
829
830
832
828
829
830
827
828
828
827
827
828
826
825
827
825
824
826
822
823
826
820
822
825
819
821
824
818
821
820
817
821
818
817
820
816
816
820
815
815
817
815
814
815
814
813
814
813
813
813
809
813
811
809
812
808
810
811
806
809
809
807
807
809
804
806
809
802
806
805
802
806
802
803
804
801
802
802
801
800
802
798
804
797
799
801
796
798
799
796
796
799
793
797
795
794
796
793
794
794
793
792
794
790
794
789
791
793
788
789
792
787
789
790
785
790
785
787
787
786
785
787
783
787
783
784
785
782
782
786
779
784
781
780
781
781
778
781
778
782
776
778
779
776
777
779
773
779
774
775
775
775
773
774
772
776
770
772
775
768
773
770
770
771
770
768
770
766
772
765
768
769
765
768
765
766
766
765
764
765
763
766
761
762
767
758
765
760
761
763
758
763
757
760
760
757
759
758
757
758
757
756
756
755
758
754
754
756
752
755
753
752
754
751
755
750
750
753
748
752
750
748
751
747
751
747
746
750
745
748
747
745
746
744
747
744
744
745
742
744
743
743
741
742
743
740
743
739
740
741
738
742
736
738
741
735
739
738
735
738
735
737
734
736
734
734
735
732
736
731
732
735
729
733
732
729
731
730
731
728
731
728
728
730
725
730
726
726
728
726
727
724
729
722
724
727
721
725
723
723
721
723
724
718
723
721
719
720
720
721
716
721
718
717
718
717
718
715
718
715
715
716
714
716
712
716
713
712
714
713
713
710
714
710
710
711
710
712
707
712
708
709
707
708
710
703
709
707
706
704
706
707
702
706
703
706
702
702
704
702
704
699
704
700
702
699
700
701
698
701
696
701
698
697
696
698
698
695
697
695
698
693
695
695
693
696
691
695
691
694
693
691
691
692
693
689
690
689
692
689
689
688
688
689
687
690
683
688
686
687
684
685
685
684
686
683
685
681
684
683
683
681
682
682
680
682
679
682
676
681
679
679
678
677
678
677
678
676
678
673
678
674
678
673
675
673
673
674
672
676
671
673
670
673
671
672
670
671
668
670
669
670
669
668
670
664
669
666
668
665
669
665
666
663
665
665
664
664
663
665
660
664
660
663
660
663
661
661
659
660
659
660
657
659
660
657
658
656
659
654
657
656
657
653
657
654
656
653
654
653
653
651
653
654
651
651
651
652
649
652
648
651
647
650
647
651
645
650
646
649
647
646
646
644
646
645
644
643
644
644
643
643
642
643
641
642
641
642
639
641
639
641
638
640
637
641
635
640
635
640
634
638
635
637
634
636
634
636
633
635
633
635
631
634
632
633
630
632
631
631
630
631
630
630
628
629
629
629
626
629
627
627
626
626
626
626
625
625
625
625
623
625
623
624
622
623
622
622
621
622
621
621
619
621
620
620
618
619
619
618
617
618
617
617
615
618
615
617
613
617
613
616
612
615
613
615
611
614
611
614
610
613
610
613
608
611
609
610
608
609
608
609
608
607
607
608
607
606
606
607
605
605
605
604
606
602
605
601
605
600
604
601
603
600
602
601
602
599
601
598
600
599
598
599
600
597
597
598
597
597
595
596
594
598
592
596
593
597
591
595
593
593
592
592
592
592
592
590
592
590
590
587
591
588
591
587
589
587
589
586
586
587
588
586
586
586
585
586
582
586
582
586
582
584
581
583
581
582
582
582
581
579
581
579
582
577
581
577
581
576
577
578
578
579
576
577
574
579
573
577
573
576
572
574
575
574
574
572
573
570
575
569
573
569
571
570
570
571
569
570
566
570
567
570
565
567
568
567
568
565
566
563
568
564
565
563
564
564
563
564
561
564
560
564
560
562
560
561
561
560
560
557
561
558
559
557
558
559
557
558
554
558
556
557
554
554
557
554
555
552
555
553
554
552
552
553
552
552
549
553
550
551
550
549
551
548
550
547
550
547
548
547
548
547
545
549
544
546
544
546
547
542
545
543
545
542
542
544
543
543
539
544
540
541
540
541
540
538
542
538
538
539
539
539
535
539
536
537
536
537
537
533
538
535
534
534
537
534
531
535
532
533
532
533
532
530
533
529
530
531
531
530
528
531
527
529
530
526
528
527
528
526
526
528
524
528
524
524
525
525
525
521
526
522
523
525
520
523
521
522
521
521
521
519
522
519
518
521
518
520
517
517
518
519
517
515
519
514
517
517
513
517
514
514
516
512
514
513
514
512
513
512
511
513
511
511
511
509
513
508
509
511
507
511
507
507
510
506
510
506
506
507
506
506
505
505
505
506
505
502
504
503
505
503
501
503
501
504
502
499
502
499
502
500
498
502
498
501
498
497
499
497
498
498
495
498
495
497
496
495
495
495
495
495
493
493
494
493
494
492
491
493
491
493
490
490
492
489
493
487
489
490
489
490
487
489
488
486
488
487
486
487
485
485
488
483
487
483
485
485
481
485
482
484
483
481
481
484
480
483
479
481
481
478
482
479
479
479
478
479
478
476
479
476
478
477
475
477
475
476
476
474
474
475
473
476
472
473
473
473
