414
416
417
418
419
419
419
422
422
423
425
423
423
426
429
428
429
430
429
431
435
431
433
435
430
433
434
435
439
437
437
441
440
442
442
442
445
445
445
445
447
442
447
452
446
452
449
451
452
451
451
453
451
454
458
452
456
453
457
459
458
457
459
458
460
463
459
462
458
463
462
464
462
466
461
465
464
466
465
465
465
467
465
469
466
467
468
469
468
471
466
472
470
471
472
471
471
474
472
474
472
475
475
476
473
477
474
479
479
479
477
475
480
480
480
480
480
480
482
480
484
481
482
483
484
484
485
485
484
487
485
486
483
490
487
487
489
486
492
486
491
491
487
491
491
494
492
492
496
495
494
495
494
497
497
498
498
495
496
501
497
501
500
500
502
501
501
501
502
507
503
505
506
505
506
508
506
505
510
509
509
511
508
513
512
512
511
510
517
513
515
517
513
519
517
517
518
518
519
519
522
518
521
527
520
525
524
523
527
527
525
524
533
528
528
530
530
533
530
534
530
533
536
535
534
534
540
537
537
538
539
541
540
544
540
541
542
544
544
541
547
544
546
544
546
549
548
549
546
552
552
551
552
553
556
552
555
555
559
556
557
560
559
560
559
563
560
562
560
563
564
563
567
564
566
565
570
569
569
566
569
571
571
573
571
572
570
576
573
575
574
578
575
575
579
581
579
576
582
581
583
579
584
584
583
582
585
587
586
586
588
589
587
589
584
591
590
590
587
592
590
593
589
590
594
594
593
592
598
596
595
593
596
596
599
595
599
598
601
597
601
601
601
599
602
603
605
604
603
605
605
605
606
608
607
606
605
608
608
608
606
613
610
612
608
615
612
613
609
615
614
616
612
616
614
618
615
618
618
620
615
621
621
622
618
623
621
623
621
622
624
627
623
625
626
628
625
628
628
630
627
631
629
632
628
631
630
633
630
635
634
635
632
637
634
637
634
637
635
638
634
638
639
641
636
642
640
642
639
643
641
641
641
649
646
645
645
648
648
646
647
649
650
648
651
651
653
648
652
650
652
649
655
655
655
653
657
655
655
654
657
655
657
659
659
659
657
661
658
660
656
662
663
663
659
665
663
661
661
664
666
663
665
664
668
664
668
665
671
666
669
668
668
667
669
669
670
670
670
672
669
674
671
674
671
675
673
672
673
676
676
673
677
674
679
675
680
678
679
677
679
681
680
681
678
682
679
683
682
681
681
683
684
681
685
682
685
682
687
686
685
683
687
688
687
688
687
691
688
691
690
691
691
694
695
691
697
696
698
695
698
700
699
702
700
703
702
705
704
704
707
706
708
706
711
710
710
711
712
714
711
717
717
715
720
719
720
719
722
721
723
726
725
728
726
728
729
729
732
732
736
732
736
741
733
742
741
739
743
744
747
745
747
750
749
752
753
754
757
756
762
759
761
765
761
769
766
769
774
773
775
775
779
780
780
784
787
786
790
794
791
799
798
802
805
806
806
811
814
813
819
818
823
825
825
829
833
834
837
840
842
844
847
850
849
855
857
857
861
863
866
869
872
873
878
881
879
883
891
888
893
896
898
900
902
905
908
910
913
917
915
921
924
924
928
929
934
939
937
942
947
949
951
950
956
957
958
964
965
970
970
974
975
978
978
983
982
987
992
990
995
996
1000
1005
1004
1008
1009
1017
1018
1021
1020
1023
1027
1028
1029
1033
1035
1038
1040
1045
1048
1046
1054
1049
1058
1059
1062
1066
1065
1072
1068
1076
1075
1079
1082
1079
1089
1084
1094
1092
1097
1100
1100
1106
106
1111
1109
1118
1117
1121
1122
1122
1126
1127
1139
1133
1143
1137
1144
1146
1146
1151
1149
1155
1153
1159
1157
1162
1165
1166
1167
1170
1171
1171
1169
1168
1168
1165
1168
1166
1177
1173
1178
1173
1180
1175
1175
1174
1174
1176
1176
1178
1178
1176
1173
1174
1176
1178
1176
1182
1176
1180
1184
1183
1178
1179
1178
1179
1177
1175
1177
1177
1182
1178
1179
1176
1175
1174
1175
1174
1174
1178
1178
1178
1174
1175
1176
1179
1177
1176
1174
1177
1173
1173
1175
1176
1177
1179
1175
1177
1174
1174
1173
1174
1180
1178
1177
1176
1180
1174
1175
1175
1178
1178
1178
1178
1177
1175
1175
1174
1173
1175
1174
1177
1173
1174
1172
1174
1171
1172
1170
1170
1170
1169
1168
1167
1167
1165
1165
1163
1166
1161
1164
1161
1162
1161
1160
1160
1158
1157
1157
1156
1154
1155
1153
1153
1152
1153
1150
1152
1150
1148
1148
1147
1148
1144
1146
1143
1144
1143
1143
1141
1142
1140
1139
1139
1137
1139
1135
1136
1136
1135
1135
1134
1132
1133
1131
1129
1130
1128
1128
1128
1129
1126
1126
1126
1125
1125
1123
1123
1120
1124
1119
1121
1119
1119
1118
1116
1118
1113
1117
1113
1116
1113
1112
1113
1110
1114
1108
1111
1108
1110
1107
1108
1105
1104
1106
1101
1107
1101
1104
1101
1100
1102
1099
1098
1098
1098
1098
1097
1096
1093
1095
1092
1094
1092
1095
1090
1090
1090
1088
1089
1088
1087
1088
1086
1087
1082
1086
1081
1086
1082
1082
1081
1079
1081
1077
1080
1077
1080
1076
1074
1077
1074
1074
1075
1074
1072
1072
1070
1070
1070
1069
1070
1068
1066
1067
1064
1068
1064
1066
1064
1062
1063
1060
1063
1061
1060
1060
1057
1059
1056
1059
1058
1055
1055
1054
1055
1053
1053
1053
1052
1052
1049
1050
1049
1051
1048
1046
1047
1045
1047
1047
1044
1042
1043
1043
1042
1042
1042
1037
1041
1038
1039
1039
1037
1035
1036
1036
1034
1036
1034
1031
1033
1031
1034
1030
1029
1031
1027
1030
1029
1027
1025
1026
1026
1024
1026
1024
1021
1022
1022
1023
1021
1018
1021
1018
1020
1018
1017
1017
1014
1017
1017
1014
1013
1013
1014
1013
1012
1009
1010
1011
1009
1009
1007
1007
1007
1006
1006
1006
1004
1003
1004
1003
1003
1001
1000
1001
1001
1000
997
999
997
998
997
995
995
995
995
994
992
993
993
992
990
990
990
990
989
987
986
988
988
985
985
982
986
985
982
984
981
983
981
979
980
979
981
977
977
976
976
977
974
975
977
974
972
973
969
973
972
968
971
968
970
968
966
966
967
969
964
964
965
964
963
963
960
964
960
958
961
959
959
958
956
958
958
955
955
955
956
953
953
953
953
953
950
948
952
950
947
949
947
949
946
944
947
947
943
944
944
945
941
941
942
942
939
940
939
940
937
936
939
937
934
937
934
935
934
933
933
934
930
932
931
931
929
928
930
928
927
927
926
928
924
923
927
924
921
924
923
921
921
920
921
919
918
919
919
916
917
917
917
915
914
916
914
911
915
913
910
912
910
911
909
909
910
908
907
907
907
905
905
905
906
903
903
905
902
900
902
902
898
901
900
899
899
896
898
896
895
897
896
894
894
895
891
893
893
893
890
889
892
889
887
891
889
885
888
887
884
886
887
884
883
883
885
882
881
883
880
879
881
881
877
879
878
877
878
878
875
875
876
876
874
873
873
872
872
873
870
869
871
871
868
869
868
867
868
867
864
866
866
864
864
863
864
863
861
862
861
860
861
859
858
861
856
858
859
857
854
857
856
853
855
854
853
853
853
850
853
851
848
851
851
846
850
850
845
847
848
845
845
845
845
843
844
845
841
842
842
841
839
842
839
838
840
839
836
838
838
834
838
835
833
836
834
831
835
832
830
834
831
828
832
831
827
830
828
826
828
827
825
827
824
825
825
823
823
824
821
823
821
820
822
819
819
821
816
820
818
815
819
816
814
816
816
813
814
815
811
813
814
809
812
811
808
813
808
807
811
807
806
809
806
804
808
805
803
805
803
805
801
802
804
798
803
801
799
799
801
797
799
798
795
800
794
796
797
795
792
796
794
792
793
792
793
788
793
791
789
789
791
786
790
787
786
788
786
785
787
784
784
785
783
784
781
784
782
779
783
781
777
782
779
777
780
777
777
777
777
777
775
774
776
772
776
772
773
773
772
770
773
769
771
768
771
769
766
770
767
766
768
768
765
765
764
767
762
763
765
760
765
759
762
762
759
761
758
760
758
758
759
757
755
758
756
754
755
755
755
754
753
754
750
754
752
750
751
750
751
749
749
749
746
750
747
745
748
745
745
745
745
745
741
745
744
741
741
743
742
738
742
739
739
740
737
741
735
738
738
734
738
735
734
737
734
734
732
735
731
732
733
730
733
728
732
731
726
730
729
728
726
728
728
723
728
725
724
726
723
725
722
725
720
722
724
719
722
720
721
718
718
721
717
719
716
718
716
716
716
715
717
713
713
714
714
714
710
714
711
711
710
710
712
707
711
708
709
707
706
710
705
707
704
708
704
703
704
705
704
700
704
703
701
700
702
702
698
700
699
700
697
698
698
697
698
694
697
695
697
694
692
695
694
694
690
694
692
692
689
691
691
689
690
688
690
686
690
687
687
685
686
687
685
686
682
686
683
685
682
681
682
683
682
679
682
679
681
678
681
679
678
675
679
678
675
677
675
677
672
676
674
675
672
672
672
672
673
671
672
668
672
668
670
668
671
668
666
666
668
667
665
666
666
666
661
666
663
665
661
664
662
662
660
661
660
660
660
660
659
657
660
656
658
655
659
655
657
653
657
655
654
652
654
653
652
651
653
653
649
651
651
651
647
650
648
650
645
649
646
648
645
648
645
645
644
646
644
642
642
645
642
640
641
643
641
639
640
641
640
637
639
639
639
635
638
636
638
634
636
634
636
632
636
632
634
630
635
631
632
629
633
629
631
627
632
628
629
625
631
626
628
624
628
626
626
622
627
624
625
620
625
622
624
619
623
621
622
618
622
619
620
617
620
617
619
615
620
615
618
613
618
614
616
612
615
614
614
610
613
613
612
609
611
611
610
609
609
610
609
608
607
609
607
607
605
608
605
605
603
606
603
604
601
605
602
603
600
604
600
602
598
601
599
599
598
598
599
598
597
597
598
596
595
594
597
593
595
592
596
592
594
591
593
591
592
590
591
591
590
589
589
590
588
587
585
590
587
587
584
587
586
584
584
584
585
584
583
582
583
581
583
579
583
580
581
578
579
580
579
578
578
579
576
578
574
579
575
576
573
575
575
574
574
572
574
571
573
570
573
571
570
569
570
571
569
569
566
570
566
570
565
567
566
565
566
565
566
563
565
562
565
562
562
562
562
563
560
561
558
563
559
559
557
559
560
558
557
554
560
556
556
554
556
557
555
553
552
556
553
552
551
552
554
551
550
550
553
549
549
548
550
550
546
548
546
549
546
546
546
545
546
544
546
542
544
544
544
542
540
544
542
541
539
541
543
538
540
538
539
538
538
539
535
539
536
538
534
536
537
533
535
533
535
533
533
533
531
533
532
531
529
531
532
529
530
528
528
530
529
527
525
530
526
525
527
524
527
524
526
522
524
526
521
524
521
521
524
521
520
519
523
519
520
520
516
521
518
517
518
516
518
516
516
514
517
517
513
516
512
513
516
511
513
511
511
514
511
510
510
510
510
510
509
507
510
507
509
507
504
510
505
506
506
503
507
504
504
505
500
506
502
502
503
499
504
501
500
501
497
502
499
499
499
496
501
497
497
498
494
498
495
496
496
492
497
493
494
494
490
495
492
493
491
489
493
490
491
489
489
489
491
488
488
487
487
490
484
489
483
487
487
483
487
482
485
484
485
482
483
481
484
481
481
482
478
483
479
481
478
478
479
480
477
478
476
477
478
475
477
474
476
475
475
473
475
471
476
472
474
471
471
471
474
468
473
468
470
470
469
468
470
465
471
466
469
466
465
466
468
463
467
464
465
465
463
464
464
460
465
462
463
461
460
461
462
459
460
460
456
462
457
459
457
457
456
459
455
457
455
454
458
453
456
453
453
453
455
451
453
452
450
454
451
452
450
449
449
451
448
449
450
445
450
447
447
448
444
447
446
446
444
446
442
445
446
441
445
441
442
444
441
442
441
439
441
441
440
439
440
437
438
441
435
439
437
435
439
435
436
437
433
435
435
435
435
433
432
433
434
432
431
433
429
431
433
428
431
430
427
431
429
427
430
426
426
429
426
427
427
423
426
426
424
425
424
422
424
424
423
423
421
421
422
422
420
421
420
419
419
421
418
419
418
417
417
419
417
416
416
415
416
416
415
415
414
413
414
414
413
413
412
411
413
412
410
412
410
409
410
411
408
409
409
406
409
409
406
407
408
404
405
408
405
404
406
404
402
405
405
401
403
404
400
401
404
401
400
401
399
400
401
398
400
399
396
398
400
396
396
398
397
393
397
397
394
394
396
393
394
394
393
394
392
390
392
394
391
389
392
391
387
390
392
390
388
388
387
389
388
386
387
388
385
384
387
387
384
384
386
383
384
384
382
383
384
381
379
383
383
380
380
381
378
380
381
378
378
379
379
376
377
378
377
377
376
374
375
377
377
373
374
374
373
374
374
372
371
373
372
370
371
372
370
371
371
368
367
370
372
367
369
367
366
367
368
368
364
366
366
364
365
366
364
363
364
364
362
363
364
361
361
362
362
360
360
362
358
360
360
359
358
358
359
357
357
358
358
355
356
357
355
355
355
356
352
355
355
352
353
353
353
351
353
352
351
350
351
351
349
350
351
349
348
348
349
346
348
348
348
346
347
346
345
344
345
347
344
344
345
344
341
343
344
342
341
343
342
340
341
341
341
339
340
339
338
338
339
340
337
338
338
336
336
336
337
336
334
335
336
333
333
335
335
333
333
333
332
331
332
332
331
330
331
331
328
329
330
331
328
329
328
328
326
328
328
327
325
327
326
324
324
325
326
323
324
324
324
321
323
323
323
321
322
321
322
319
320
321
321
318
320
319
318
317
318
319
318
316
317
317
316
314
316
316
315
314
315
314
314
311
314
314
313
311
313
312
311
309
312
311
311
309
310
309
309
307
309
309
308
307
308
307
306
305
306
306
307
304
305
304
305
303
303
304
304
302
302
302
303
301
300
301
303
301
300
300
300
299
298
299
299
299
297
297
297
297
295
296
297
298
295
294
296
295
293
293
295
294
294
292
292
293
292
290
290
292
292
290
290
290
291
289
287
289
289
289
287
287
287
288
285
286
287
287
286
285
285
284
285
282
283
284
285
283
282
283
282
282
279
281
281
282
280
280
280
280
279
277
278
279
279
277
277
278
278
276
274
276
276
276
275
275
275
274
274
272
273
273
274
273
272
272
272
271
269
270
271
272
271
268
269
269
269
268
267
269
268
268
266
266
267
267
266
264
264
265
266
265
264
264
263
263
262
262
263
264
262
260
261
261
262
260
259
259
260
260
260
258
258
258
258
257
257
257
257
257
256
255
257
255
255
253
254
255
255
254
252
252
254
253
252
250
251
252
252
251
250
249
251
250
249
248
248
249
249
249
246
247
248
247
247
244
246
246
246
246
244
244
245
244
244
242
243
243
242
244
242
241
242
240
242
241
239
239
240
241
240
238
238
239
239
237
236
237
238
237
237
236
236
235
235
236
235
233
233
235
235
233
232
233
234
231
232
232
231
230
231
233
231
228
229
231
230
228
228
228
228
228
229
228
226
226
227
227
225
225
226
224
225
226
225
223
223
225
223
223
222
222
221
222
223
222
220
221
221
219
221
220
218
218
220
219
219
218
217
217
218
218
216
215
216
216
215
218
215
213
215
215
213
215
213
212
212
214
211
214
213
210
211
212
210
211
210
209
208
211
209
210
209
207
208
209
207
207
208
205
206
207
206
207
206
204
204
206
203
205
204
202
203
204
202
204
203
200
202
202
200
203
200
199
200
199
200
201
199
199
198
197
199
197
198
198
195
196
197
196
197
196
195
195
194
195
195
194
194
192
192
194
193
194
192
191
192
191
191
192
190
191
189
189
190
189
191
189
188
188
187
189
187
188
187
185
186
186
186
187
186
186
183
184
185
184
185
183
183
182
182
184
181
184
182
181
182
179
183
179
182
179
179
179
178
181
178
180
178
177
178
176
179
176
178
175
176
175
174
177
175
176
175
174
174
173
174
173
174
172
173
171
172
171
172
172
171
172
169
171
169
171
169
170
169
168
167
168
169
167
169
167
168
165
167
