403,0.940998306903089
403,0.836065025420552
405,0.800393894184684
404,0.523405693686746
409,0.467021593830698
405,0.670182179617944
403,0.801213125772924
408,0.579293510340848
411,0.570518181291857
409,0.442967553757126
416,0.760896089514599
412,0.659890805825549
409,0.631843951953304
415,0.860308294974423
417,0.922146659443107
416,0.426829762275612
423,0.869495160194249
417,0.328542560912893
416,0.74602976612676
422,0.790974281901928
424,0.404444471941583
423,0.300683593484137
428,0.907387309536831
424,0.333475231639343
422,0.968679959122152
428,0.28127012614935
432,0.0313637182818858
429,0.190673676250185
435,0.294470653638046
432,0.70380962031858
427,0.252893632342415
436,0.93192631304011
437,0.823735954861262
436,0.860455686004198
443,0.858250118619249
435,0.041991603712623
437,0.612779427490717
445,0.643657922664487
440,0.920626839619122
447,0.818904284106803
445,0.237484817950313
439,0.191459887832379
447,0.619024042495068
450,0.489156758963193
448,0.347069992618145
453,0.163747487458213
449,0.560903718671402
445,0.161086850005815
455,0.691747963978729
455,0.103483610197436
456,0.632515797582908
460,0.90751094794925
450,0.715397893393937
459,0.855568962360072
460,0.750759896468941
460,0.349413218651677
466,0.184552808020875
460,0.344134241588476
459,0.215714598566253
469,0.0347574841987317
464,0.479718338681538
473,0.921320817688642
469,0.18715572540707
464,0.622088453219615
471,0.379027108813882
477,0.631406459572968
472,0.764902754662681
481,0.740274446597584
468,0.16294016776071
479,0.478630894561617
480,0.30852731320066
481,0.682048751810799
486,0.173903645368568
478,0.105871185864936
482,0.0877284729936155
488,0.718560791130386
487,0.972833744370044
492,0.918337073312518
489,0.854336204821109
485,0.0537625526246516
496,0.342863074681434
491,0.399014132113565
499,0.27034878747305
493,0.934084638627757
490,0.659885002098204
502,0.397932440858881
497,0.571188386312819
504,0.585374724734701
497,0.323248836989555
496,0.640388072752046
506,0.614318328680631
501,0.880302102850541
507,0.784699945097738
502,0.149949702851865
497,0.494658488079513
508,0.731970635071162
504,0.981836331071118
508,0.593387791430726
504,0.726920056165677
499,0.906322183655424
510,0.685373722877112
506,0.635631326231516
513,0.863406224519337
506,0.629611434893765
506,0.57427566731376
513,0.914052202762527
510,0.225511384692519
513,0.561702990692841
507,0.448188245319945
508,0.951111110165917
513,0.714498349172225
515,0.739029433246852
517,0.0169234414144446
510,0.839279637974851
512,0.00655401510370734
515,0.109534090370224
514,0.486363703583215
522,0.509968150297682
507,0.460575708208095
519,0.189562926420937
521,0.863906253088563
519,0.784348508032623
522,0.101310362288938
513,0.526906680075345
521,0.775319828071051
520,0.446769273804507
525,0.741985719241492
521,0.545164128800204
517,0.298326165179488
528,0.592921011723456
524,0.0487047296409588
527,0.851463911343221
523,0.113908153398187
519,0.40714185768021
528,0.443555223983382
524,0.862611904569374
530,0.652294447314711
521,0.662050680336333
528,0.329180865342209
531,0.10985244018021
526,0.890695443712505
534,0.34918281641306
522,0.0199425604573312
530,0.522048287465843
531,0.254388747881398
535,0.917612434767158
530,0.457398006737777
526,0.939134866061583
537,0.260186738010423
530,0.436651983349385
538,0.879650971901526
530,0.358964596198017
531,0.748513148518271
536,0.0572968887344659
536,0.621798167230108
540,0.363014045039757
530,0.431034556169909
536,0.506393611185593
539,0.538063975183905
539,0.5742449716858
537,0.910453773547614
531,0.217691074329716
544,0.219459056264287
539,0.242336492692905
544,0.411908202356065
539,0.700276978660895
538,0.483870710860732
543,0.654695926455538
540,0.15142615931225
547,0.311593892221116
535,0.211412668854465
545,0.413281248356631
543,0.913911493456612
549,0.197224466556323
543,0.563233445463045
537,0.237197675782221
550,0.382990551541821
545,0.236869608566288
550,0.173299229607004
542,0.880402428903882
547,0.914520314014299
551,0.996202499446236
550,0.800530256433999
550,0.678145864152532
545,0.147833786287799
555,0.372235596004993
549,0.259157632826866
557,0.561956160666268
546,0.163599304381713
552,0.610737142192962
554,0.839039443175775
557,0.925374923172551
555,0.642933473462315
550,0.561390979569123
559,0.123989160439359
552,0.331094035756301
564,0.178807136309339
552,0.460797240313878
560,0.178517321640777
561,0.132970452845857
562,0.114043896179182
561,0.209223819262513
554,0.506315910470085
566,0.437525038384302
562,0.823896978304845
567,0.736695031943596
556,0.875717669673221
564,0.182137940178164
567,0.178554827659799
570,0.334240385497336
565,0.948309264469008
561,0.946656241711746
572,0.413744102569188
566,0.676444299409631
573,0.28006147104692
560,0.741055189678273
573,0.590577827640789
573,0.463953251809957
576,0.9955883842376
569,0.455991474898735
570,0.0926621142575479
575,0.270475873779264
576,0.484497499026056
577,0.362498555416984
568,0.454751624814677
580,0.00451064235087954
575,0.833698797685901
584,0.833783859319701
570,0.641657703501746
581,0.45406732973338
579,0.921190626678159
587,0.347492286329472
579,0.889006399648769
581,0.440943908687986
585,0.32249719783113
585,0.101492637220126
586,0.922761837949714
581,0.74866273104698
590,0.8444360435884
587,0.849287893089418
593,0.770210033240346
579,0.0484754788085975
594,0.551631463097275
589,0.580094501157073
596,0.916305965699164
585,0.489877383962317
592,0.28242230800359
592,0.40213317293913
600,0.169191351794649
591,0.146972043851103
592,0.254143052727275
597,0.638669401058949
596,0.0197040433180602
596,0.556240446490197
592,0.418835809073827
601,0.670417839025014
598,0.854619575939509
601,0.00584131450357276
591,0.891416886705849
605,0.42792792757606
598,0.94006014096307
605,0.569668664362115
591,0.0255789187903833
606,0.547835717215159
603,0.990121609084647
607,0.0156854912843951
597,0.398224719827127
604,0.286570019510158
606,0.13205337717975
609,0.18555274899625
599,0.0317802502310937
608,0.478851522132616
608,0.417766234355637
609,0.675485326485453
603,0.345131069889572
607,0.987431151388241
612,0.813828137467763
611,0.252678499623906
607,0.500252193692719
604,0.0155398889385448
611,0.0881290315130716
613,0.745785575742322
610,0.577033608761776
604,0.340278344249507
615,0.498952996083017
612,0.0103114555520981
613,0.825997875607073
608,0.981954031846445
616,0.278246882224323
615,0.054021856323503
617,0.0633161165866265
606,0.102182935410326
620,0.298054632887993
614,0.11912433693622
619,0.734190181686725
609,0.175575310741978
620,0.319326089433094
616,0.0393375275303497
622,0.542947731218891
609,0.663841312692004
623,0.80824235677668
619,0.330798627738478
624,0.98576301162044
612,0.0436643086653711
624,0.321892872513913
618,0.326980112243968
628,0.0635788963993835
613,0.228690531750879
627,0.450964592568398
622,0.272133913013135
630,0.0113414911580641
615,0.481734413925143
628,0.922439623986699
623,0.203621443077308
632,0.496657655563441
617,0.952155735748392
631,0.910558321311595
626,0.380265219737388
632,0.766157563075268
620,0.408002260696625
633,0.0349415621982048
630,0.68419039328117
633,0.813404412378169
621,0.0372834372578716
635,0.816909580611212
633,0.154084726377138
635,0.186048565442781
624,0.241046408948327
637,0.107942513063774
633,0.273510892375479
637,0.961513247923278
626,0.318084592895617
638,0.805863911189951
633,0.215424756527454
640,0.845848106330079
629,0.517498439720503
641,0.769979336060827
636,0.908722848442686
639,0.879025823939163
629,0.557599479506478
644,0.270202534095956
641,0.0859347361512242
639,0.0546907467367106
634,0.753339525456773
645,0.559248861746008
644,0.600242176171106
639,0.30897062290483
639,0.373260864814885
646,0.0539304563171479
645,0.791492471307161
640,0.745553553231611
640,0.661830451562068
646,0.826683261813416
650,0.817660103046199
640,0.00980713311329039
646,0.685179159964206
647,0.224520596003627
652,0.952943263249535
641,0.386172086750059
649,0.37307952997094
648,0.827242975050354
655,0.102832429015033
641,0.167085277304138
655,0.627467436599366
647,0.177143824373938
656,0.417983586549975
644,0.814518203006754
655,0.282825993593993
650,0.908159441967244
655,0.440369084125776
645,0.954402677873217
656,0.953688588293752
656,0.813900488577104
654,0.0132468804148921
651,0.908017196391439
657,0.329680317019995
658,0.79122982756639
651,0.0808772810260417
655,0.425754690740463
656,0.844698681658135
665,0.678619506263728
651,0.532973245949199
662,0.608265680282022
658,0.265000252435813
665,0.73148226712298
652,0.266567498087023
665,0.549106492250459
663,0.532507768661668
665,0.184814946134457
654,0.141232650705511
668,0.652751780704312
666,0.931008914347749
664,0.695626494493436
661,0.926914648690505
665,0.116721279736624
670,0.720712965589104
659,0.664118232834135
666,0.949851280357642
666,0.792619179670977
675,0.22886761791801
659,0.179962046083005
673,0.237929229336812
667,0.353494499167213
674,0.788934241416087
662,0.895318925121567
674,0.0115896621701282
675,0.264697867436635
670,0.931007388288274
670,0.919706595537178
674,0.931525059001783
678,0.70960518979456
668,0.488065569663856
679,0.849313046632353
677,0.919479987811842
681,0.138513706317599
668,0.574869285304505
682,0.0221342019648613
677,0.223524135886568
679,0.281820445095622
675,0.554805417556924
683,0.956051482231794
684,0.936562528888136
678,0.888607333627239
683,0.986227307087547
681,0.76154237800557
691,0.18627761249785
674,0.776126655051787
690,0.30812332714766
687,0.302664637717716
685,0.956747929324784
683,0.91863728527358
687,0.799814476904993
692,0.811141142897019
681,0.905853933104916
693,0.439793656458576
688,0.126917971057076
694,0.677249334465215
682,0.465411712883501
697,0.769954554123216
697,0.827904323095478
691,0.316778700727927
688,0.791281769388829
695,0.56435839552237
700,0.328236629491143
685,0.358363906612922
699,0.95137251674653
694,0.12746092323938
697,0.959970350848425
691,0.104423843726419
699,0.78138215141999
702,0.70815869404078
693,0.399027452505711
701,0.131714153916004
699,0.28164265147821
703,0.848370449077951
691,0.682376391454016
705,0.675456789934401
708,0.429002549936611
697,0.640867798153106
703,0.802859969917791
705,0.343479606610604
711,0.0437941847745759
694,0.645723603831371
709,0.192664609018115
711,0.147242621656227
706,0.736883876047944
706,0.598744953063695
710,0.0621466853475706
718,0.395618596189866
701,0.892537719931946
715,0.963776609347072
712,0.420477686137516
713,0.23183732017743
709,0.880480423244777
714,0.548872119987586
722,0.779432881298644
705,0.159771869995618
720,0.0707459243010204
718,0.820100079165636
717,0.695513737701281
714,0.25863481254349
720,0.237308458334081
726,0.642761994791555
710,0.938434301370211
724,0.432944048557108
724,0.0934726234976421
719,0.608171154375551
719,0.985027509000861
724,0.269862958823824
730,0.96799371764787
714,0.255113128265944
729,0.373536278281505
729,0.686248843283512
720,0.44975901757044
727,0.805670456347827
728,0.337129377461314
733,0.305565799177194
720,0.0656456390731649
734,0.0449798887734032
734,0.00746059278554814
725,0.903600330532734
735,0.896503807317273
732,0.689592203033362
737,0.68677511713394
729,0.381359350853415
737,0.308246547542799
742,0.989517778934408
728,0.863950800742125
742,0.00975033861759103
740,0.500904861976689
736,0.052989637132793
739,0.656744976314517
741,0.71254228153202
748,0.943821542987193
736,0.0573898615100292
748,0.491052116562016
751,0.128236715531195
740,0.16652522795908
752,0.387252304309184
748,0.427795059240517
753,0.633909767265556
748,0.299872474257781
752,0.124976474792019
760,0.634941210256099
745,0.198492379483419
759,0.980035465665392
764,0.580081466638616
749,0.303427912612568
764,0.193291424319655
762,0.847076305382906
759,0.521905856186783
763,0.58898622627814
765,0.676399557969168
769,0.27756085692783
762,0.61072323423032
769,0.565290766267547
778,0.212375137000995
760,0.543226389116505
779,0.0408430451846404
779,0.34683867368669
767,0.551472148714062
780,0.194157848892274
783,0.466699159615753
775,0.734660447321852
783,0.290961677329489
781,0.888497025483551
788,0.651308909648219
781,0.888051225841146
789,0.860590739601872
796,0.499290732577341
786,0.963967310296994
793,0.640243022896921
803,0.544821966115815
784,0.292680665704622
803,0.362897031304071
806,0.381719082321736
791,0.609727870668343
810,0.866372982648952
809,0.917009414552473
801,0.146606358915031
815,0.194367173782881
816,0.935404704709367
808,0.279732036529579
822,0.788142107360792
823,0.522323612337875
815,0.930097701402957
829,0.00364965982889891
829,0.51667622260259
822,0.522158067204906
836,0.70783256489539
835,0.254695053283155
830,0.556355625244075
842,0.276533122717735
841,0.747583251291889
836,0.524671419717951
847,0.696305669387455
845,0.975863595760078
839,0.812623282258605
851,0.969563817104543
851,0.725495892186504
843,0.525514830212389
861,0.907264021124596
861,0.108436615126131
851,0.531776575613294
869,0.215478244722635
866,0.595287784723149
854,0.708463727268346
874,0.795842330557818
877,0.0382303443407892
862,0.58127789814388
877,0.851227446999472
885,0.92634511498017
872,0.557485269411484
881,0.970600261422788
886,0.687328976869896
878,0.921276166276793
882,0.236056056110244
886,0.0179338088692306
889,0.339261966398727
890,0.677135657922074
887,0.498986996915792
902,0.715200838372537
897,0.483555777841749
889,0.0520106247473933
909,0.546972686040131
911,0.507802329506822
897,0.211529919045459
913,0.885293175007432
916,0.315968132714266
911,0.943020963133697
916,0.69785480334516
915,0.704557303763619
927,0.235482178857522
925,0.678312945385656
915,0.254899055889487
934,0.851741474407134
934,0.346299845384279
923,0.859373046584963
936,0.171305877956703
936,0.692477241620346
942,0.159987637106556
943,0.18943403558185
932,0.32259025091673
951,0.357648875685299
954,0.262560036124526
943,0.527904318533348
955,0.891052483330511
953,0.7818754766503
964,0.552801500073684
962,0.261773807396181
951,0.31105772130855
973,0.558278365089002
969,0.904109131425912
968,0.559736214278002
973,0.0854431908998354
967,0.293331194018733
987,0.0237762614072841
985,0.0398309302554303
978,0.762518171885358
993,0.0537247782204023
983,0.0319821146824813
999,0.741993860783259
997,0.705003554662623
989,0.966389024331393
1008,0.800238799009483
996,0.224450452736773
1013,0.785912576424619
1010,0.427182597185361
1003,0.636567998184208
1020,0.757889049657011
1009,0.876797134668874
1025,0.950337599927162
1023,0.816364400381985
1016,0.758971932696683
1031,0.880108408366336
1023,0.685871963062229
1037,0.737522680653798
1033,0.400853859627767
1033,0.280224995841557
1043,0.686947583554646
1033,0.813230448206888
1051,0.028117609119695
1043,0.824382545502841
1053,0.337151349691478
1054,0.128787156530749
1045,0.620755914677162
1062,0.171003831820501
1050,0.54549298453309
1068,0.949692959148837
1061,0.419125416222389
1068,0.821775064473998
1073,0.731719312303382
1062,0.659081588576455
1082,0.576486560375505
1067,0.0325549599866215
1087,0.61996080692364
1078,0.436961021289279
1087,0.533406049581518
1090,0.290477118046428
1082,0.13436981236258
1098,0.0647103226854664
1086,0.60398350315511
1102,0.841899275007658
1095,0.970623438579411
1109,0.938031207473056
1110,0.770795405105058
1105,0.807417048513399
1120,0.507857742706634
1108,0.628992869650401
1124,0.0651851037882053
1112,0.536879564226925
1132,0.154796881551464
1122,0.996446848552516
1135,0.895845620917545
1134,0.0854174554331774
1133,0.0219075219985579
1140,0.962713824951536
1132,0.0325312854051641
1151,0.80655143800128
1136,0.854960148535968
1155,0.503481770270208
1141,0.531881307526836
1158,0.723329946456116
1150,0.134367577508248
1161,0.0412385975865255
1156,0.833054938911348
1164,0.492343162222885
1164,0.0125120204301949
1162,0.764530923523303
1174,0.341791512876714
1167,0.61522411928833
1177,0.41450427112719
1166,0.897733391035862
1184,0.52708533272634
1173,0.673419222276097
1188,0.17060121498958
1174,0.441855445423496
1188,0.273129477136033
1178,0.000846345077100052
1192,0.493651067886253
1184,0.377421292608672
1191,0.90476752436141
1186,0.687250121953348
1190,0.724735030628569
1185,0.672877223549254
1185,0.0365333159874634
1186,0.16362708183833
1183,0.489333221361102
1186,0.340667800049423
1179,0.87349211918558
1193,0.887924488126714
1180,0.619081175977505
1190,0.00603104588986997
1179,0.985099375608279
1191,0.49376427585906
1180,0.690456120423761
1190,0.548078839351627
1178,0.810378432417913
1190,0.607599372157737
1178,0.368919246997327
1189,0.912814517737506
1187,0.12080719469757
1191,0.851180297607505
1184,0.602832407378112
1183,0.143321208179667
1185,0.894900551899898
1180,0.660703822607744
1185,0.444151971963216
1177,0.179778966729579
1193,0.846263629522831
1177,0.776200824306322
1194,0.951953019562436
1179,0.137235827067869
1188,0.186351841739513
1177,0.29594070392829
1188,0.715515705507288
1180,0.0342832916434799
1188,0.656812704990225
1180,0.00275667068062625
1189,0.165272696611753
1182,0.226815872858763
1185,0.400745977700677
1185,0.817799120044493
1182,0.298655609061284
1183,0.0845656536452615
1179,0.925137633101406
1187,0.582251847801414
1175,0.0811238885420299
1189,0.917182828855233
1177,0.434466671990708
1189,0.497082152440205
1175,0.261285354949573
1187,0.910099419372189
1175,0.133199908641642
1189,0.850508881816517
1178,0.837530188324361
1185,0.447072952025667
1177,0.544887588016731
1184,0.368612367342598
1178,0.142927289453634
1177,0.869531352740412
1178,0.0546448659731275
1174,0.414013542954228
1182,0.171948051565904
1174,0.584640735301373
1179,0.221745110752496
1168,0.900105772126029
1180,0.946337165703379
1168,0.668391695268785
1181,0.435274346188245
1166,0.162008420210005
1180,0.374158620494131
1169,0.540780952175183
1176,0.918317054254337
1168,0.695456157457473
1175,0.520972635015426
1172,0.940594436100486
1170,0.226659859219837
1177,0.867085567836476
1170,0.320287769822681
1178,0.19935682635111
1168,0.644419144260922
1179,0.728346413679082
1168,0.767539531484523
1179,0.912727430749631
1167,0.259150276239437
1178,0.613131096059867
1168,0.932018776454417
1179,0.428160170061027
1168,0.0265406472166596
1177,0.192234687101185
1174,0.76776177998637
1175,0.0967262142078984
1171,0.462645140675897
1168,0.307224859733129
1176,0.0693416694412719
1169,0.628978500863291
1178,0.745357542421218
1164,0.626654376452631
1177,0.966552939105364
1166,0.0392734092338659
1181,0.70806646537142
1167,0.854104646750132
1178,0.739292111881033
1170,0.725440443983502
1177,0.793875461083351
1168,0.937840286728911
1172,0.088063806281771
1171,0.044328001057217
1171,0.890235826589989
1171,0.265443387162217
1167,0.777671136208783
1180,0.16448289804766
1168,0.715759104352632
1173,0.252356211858783
1163,0.326154852988919
1176,0.890984560811495
1164,0.812663179155381
1175,0.739434729625798
1164,0.186645664288604
1174,0.592336709125167
1163,0.236738552312027
1171,0.487923931385887
1170,0.375185888487028
1171,0.0282152904754339
1170,0.217648044269487
1164,0.0221758310074024
1171,0.637992469309647
1164,0.654496413107935
1171,0.792439323966552
1160,0.127839840765529
1176,0.517473057488297
1160,0.830412077131232
1174,0.159230782046257
1162,0.814894973888157
1173,0.958822339147816
1165,0.999809600450905
1171,0.477395474902618
1166,0.18720174940555
1167,0.192250608969505
1165,0.631680403676936
1163,0.959560895266093
1169,0.372028108951277
1160,0.470914611571727
1171,0.961515666311079
1160,0.47872186842002
1170,0.561183264640476
1158,0.29358923904587
1168,0.16248776125327
1159,0.307320458499742
1170,0.0244258528247461
1160,0.521007578149212
1168,0.592646820826496
1168,0.453616915484601
1165,0.905828530837983
1165,0.0262429321561725
1162,0.483720308449081
1167,0.949268264167613
1158,0.049172208872596
1171,0.812572183990241
1159,0.0768775440832742
1173,0.371003672666761
1158,0.11689009162647
1167,0.615364768971645
1161,0.592164141859484
1170,0.579013600935969
1162,0.908863529763078
1167,0.173894606615365
1166,0.919250395776036
1164,0.974628358392581
1170,0.579511890682811
1161,0.504132612293849
1166,0.470594052201642
1157,0.485761460047634
1171,0.437919748744862
1164,0.292331816778566
1168,0.215505577846805
1154,0.970134213162464
1170,0.0129979165904603
1164,0.805110098724913
1170,0.937317149743982
1163,0.533561228192869
1168,0.735961175654231
1166,0.614209449885175
1164,0.961371724321605
1165,0.448102640844849
1156,0.476400752203897
1167,0.0673126145865307
1155,0.373576944784807
1174,0.125202684283248
1157,0.89416767421789
1165,0.704840733540676
1158,0.385792118943267
1166,0.795512688613912
1159,0.9464363101052
1164,0.892876363187397
1162,0.428374957694313
1161,0.711165925919075
1161,0.961592750911773
1158,0.0794849899125663
1171,0.495881115040176
1155,0.174723402729921
1171,0.855825292756244
1156,0.230997178846205
1170,0.723357695099277
1155,0.648642058208933
1167,0.022408055394063
1158,0.566668623115093
1164,0.677669456867785
1157,0.829607193859078
1162,0.840916605530738
1161,0.501545083185192
1158,0.836195396502561
1162,0.510666141653508
1155,0.105361586053166
1160,0.36436919537058
1153,0.960210770244305
1161,0.661434754897264
1152,0.274702631891735
1161,0.472739868179216
1151,0.93721430512174
1163,0.358096898028626
1152,0.47769092811235
1156,0.760004321522785
1154,0.148579690311762
1154,0.721323274963858
1157,0.201121459660975
1152,0.743025498465892
1158,0.213592519407096
1146,0.0819365929251457
1157,0.481915597861045
1145,0.717562840464313
1156,0.59379466757312
1147,0.980445811782301
1156,0.16986079171998
1148,0.624594797182181
1151,0.568530477528719
1149,0.0046203728719939
1145,0.896861052222931
1151,0.522535621676344
1143,0.392318671102853
1152,0.0501570809202738
1141,0.359341956688571
1152,0.933345034778843
1139,0.176569171772618
1150,0.840090664003728
1141,0.129914513958257
1148,0.0998492838318383
1144,0.993537363537787
1145,0.0737321207628488
1143,0.665740955462825
1138,0.631203601160616
1145,0.859225607731511
1133,0.711713713641376
1147,0.778292496829853
1135,0.161401260832951
1143,0.759285677276549
1135,0.533610523510288
1140,0.542302894180561
1136,0.47067794581083
1140,0.216422476768429
1138,0.789753241403214
1134,0.475606245434208
1140,0.0508457942550364
1128,0.949968243126488
1139,0.290533709477679
1129,0.123170950639529
1139,0.939258194081269
1129,0.845449275547594
1137,0.553390582933077
1130,0.586300084049084
1132,0.591383778376155
1131,0.64132666435959
1127,0.341230513245142
1135,0.129497450370027
1124,0.173988599513423
1135,0.679758925894785
1122,0.93129267947637
1132,0.615869664036435
1126,0.702769531695833
1131,0.0143153261584076
1130,0.868239937076738
1126,0.761753655923493
1127,0.105385068979453
1121,0.265458290542317
1128,0.0762999780040977
1119,0.652371971621944
1130,0.92756748191712
1118,0.848658697646502
1128,0.641817796162445
1118,0.777411618681935
1125,0.932779396894909
1123,0.136792481616591
1120,0.366116692310588
1126,0.682148183414873
1114,0.340146590495286
1125,0.218648971100731
1112,0.365768278762088
1124,0.273490001639407
1117,0.501274478119037
1121,0.368421636968996
1119,0.942355981668226
1114,0.100223136938344
1119,0.905083441112502
1109,0.055263683255033
1122,0.912926671252378
1109,0.27038363693035
1119,0.325186882463648
1111,0.726238883938236
1114,0.533158142216819
1116,0.115279031068553
1112,0.929262460688083
1117,0.904190112500236
1106,0.541241567096001
1115,0.393917350442541
1105,0.59768068972477
1115,0.161934436103172
1108,0.0630453972870632
1114,0.875410438389266
1110,0.0938154145560955
1107,0.82507448249671
1110,0.0719146800953941
1101,0.958943276955181
1113,0.194141644872639
1102,0.303768562537949
1110,0.392394918439465
1102,0.355103957735654
1108,0.541139666006767
1108,0.424715932655707
1103,0.264299327205871
1109,0.360182393231736
1097,0.959147697256161
1108,0.759987209939614
1096,0.736012385344454
1110,0.492486789867525
1099,0.224560719437852
1106,0.0681268274170452
1101,0.662871017802463
1098,0.316892139498191
1103,0.617434823970814
1093,0.24093102530999
1106,0.323554046747672
1094,0.836783837318942
1101,0.57672354675754
1097,0.302441061965026
1100,0.137929606999822
1100,0.0916181912471
1092,0.571245248720852
1100,0.484376638590543
1090,0.618740514032114
1100,0.91459088452356
1094,0.00628696859356037
1099,0.21480269028828
1095,0.764403527241522
1091,0.111658482171491
1095,0.717727348075521
1086,0.0159144290705943
1099,0.645619980816141
1086,0.53492343345546
1096,0.305756438575765
1089,0.0095835260501876
1091,0.894325299789184
1095,0.0425505166644022
1085,0.149421290630068
1092,0.0640112104203092
1083,0.677868237247055
1094,0.297851492758732
1086,0.28977674415875
1092,0.571272283487562
1089,0.384751110319144
1083,0.80226516245679
1087,0.854929317746022
1081,0.708722495704654
1091,0.355973039060204
1081,0.454467205582002
1088,0.737402076463453
1083,0.437423986816903
1080,0.261781049650912
1089,0.0985844503587868
1077,0.170236093951064
1088,0.565138136309714
1075,0.365800527118073
1087,0.305698272634273
1081,0.0333494947715442
1082,0.678938049627327
1084,0.104075909358696
1072,0.816896889102056
1084,0.0366114562470558
1074,0.253838943782746
1087,0.659252897049807
1077,0.30079942403942
1079,0.876301803161918
1077,0.922086332969064
1071,0.55308187973669
1083,0.912190370050886
1070,0.670648368358543
1079,0.421247405221247
1073,0.166044183399066
1078,0.209456101561923
1076,0.0339895919142008
1071,0.26105496361142
1076,0.362990263003876
1067,0.855772023404066
1078,0.212809879088105
1070,0.900193800804321
1077,0.144026792500577
1071,0.717946840312077
1066,0.303887031400102
1073,0.288637169308896
1066,0.211582267816097
1074,0.244124643940195
1067,0.933832199112718
1071,0.0105096685084827
1069,0.114116561482768
1064,0.254470702966926
1073,0.959113159520659
1061,0.308872125611457
1071,0.0253325639045235
1065,0.761731957153248
1070,0.493252518387711
1067,0.470169441835033
1059,0.889145684701469
1068,0.925980243205494
1058,0.851773482230198
1072,0.083814918510456
1061,0.198997549152108
1064,0.360806312395666
1064,0.198538985756058
1055,0.361062775672365
1068,0.744185059903844
1056,0.869432729453876
1064,0.339335827480683
1060,0.739010520714182
1059,0.543160053149348
1065,0.0532770353495182
1052,0.276282252362057
1063,0.806906699589115
1054,0.53602655756418
1063,0.608247466681336
1060,0.556918909611983
1054,0.283871596609866
1058,0.114098738416171
1051,0.522780201566865
1061,0.726327730736714
1053,0.659773157629726
1058,0.708118690184783
1054,0.110970343374621
1049,0.588067195690284
1060,0.60329345711571
1048,0.68811850827823
1056,0.0648406177709202
1050,0.0168556266001767
1054,0.545765779167635
1055,0.121860615426784
1044,0.355890540420148
1056,0.268904052584662
1045,0.569014074925589
1056,0.550752052174211
1051,0.0992058844093633
1046,0.579390452130249
1049,0.489521815926062
1043,0.284629121986389
1054,0.172861204966914
1045,0.195962164312147
1050,0.0330261884337835
1046,0.170615848221814
1040,0.754861346737994
1052,0.158395088369455
1039,0.29805248753164
1048,0.547950852083996
1046,0.667677800779877
1043,0.723387263829622
1047,0.702609578471624
1037,0.519606432032726
1046,0.479901103219351
1042,0.716168065837323
1047,0.892611178358353
1042,0.137219049065699
1035,0.797331141219841
1046,0.607829145778038
1034,0.452794373773018
1046,0.166968705045988
1040,0.424102418735213
1036,0.798776174821777
1042,0.991104267038608
1033,0.890521003914174
1041,0.00870646621713065
1035,0.353967263217546
1040,0.271489220138242
1039,0.156800827550039
1030,0.186083470266588
1041,0.5571312520896
1030,0.84744874777064
1041,0.959915494310304
1038,0.898815821259439
1031,0.608265975689932
1034,0.205739723925252
1028,0.0763738323610111
1039,0.737700901974098
1031,0.767736908031431
1034,0.0877441871019788
1032,0.639821684331524
1025,0.0487329919022052
1036,0.897652499278712
1029,0.745284373893612
1031,0.817464615786316
1032,0.0503306950619434
1026,0.870801343241981
1033,0.855099383580412
1021,0.99509644877085
1035,0.641604911247402
1030,0.393217061397634
1025,0.855687504180296
1027,0.400481681337909
1020,0.594152529581683
1033,0.0125431825794569
1024,0.577900831453607
1027,0.0901285946566392
1025,0.258870611424074
1017,0.467378998721702
1030,0.212112905457768
1023,0.0793077971825354
1025,0.982641269615914
1023,0.672271195766436
1017,0.472152811930856
1028,0.478427164737114
1016,0.589641164582911
1026,0.482908044056957
1023,0.534443434794921
1017,0.424761786487538
1022,0.14339011456871
1013,0.476777942295778
1026,0.0450724258140261
1020,0.13548917179184
1016,0.543328872426736
1018,0.97953431273845
1012,0.00503748656537208
1024,0.357074447428467
1016,0.190373922026361
1015,0.935810620207495
1018,0.061466333668187
1010,0.801427847033584
1019,0.423180006983739
1013,0.552260737148241
1017,0.15954670143134
1017,0.471132732477767
1006,0.415828570675188
1017,0.543718231030154
1011,0.736043445384076
1017,0.655670847425077
1004,0.280439049570794
1015,0.411935144207725
1009,0.893089361590872
1015,0.995637691690972
1009,0.311623615150432
1003,0.461381169398283
1015,0.244510233810269
1005,0.366406587785036
1012,0.551985324717825
1008,0.0915974537927031
1002,0.537178000754027
1013,0.110655880840554
1001,0.203792786126714
1011,0.622636945388184
1007,0.0549093596310909
1002,0.759705133699917
1007,0.221589059712851
999,0.271527819158613
1011,0.144384657798023
1007,0.475884847373327
999,0.523199105166359
1004,0.64608520251636
997,0.552650605848413
1009,0.0677260605191161
1002,0.0190415418895383
997,0.742006792504217
1005,0.802344752148989
996,0.76017595682772
1004,0.067295552210995
1001,0.503612615034216
996,0.699216699285425
1003,0.722762186577046
992,0.843907142558016
1004,0.721342654237347
1001,0.821060432097256
993,0.286320513247524
998,0.489733845892757
992,0.112193201851668
1003,0.668880976074303
997,0.377963810296559
991,0.213667072799681
997,0.177033846233149
990,0.336786462470892
1000,0.617283411241014
994,0.099733347654562
988,0.137907073900525
999,0.383147851075404
988,0.265737055213608
995,0.416454156242073
993,0.147928311598561
987,0.736928456425023
995,0.0998722038195208
987,0.713191564230154
995,0.709906684494829
992,0.502182739455586
981,0.818456557401371
993,0.918822358937989
988,0.768531109604587
994,0.532678106911283
987,0.31050491607038
980,0.8853808060653
993,0.709718171818499
985,0.179406399785404
989,0.957059180103962
987,0.00796148010673432
979,0.18441082522535
990,0.035998245049575
984,0.908051120841448
984,0.555349068533431
986,0.84241018304124
977,0.956854052734237
989,0.146297501730266
984,0.627315531177732
982,0.505478704060243
982,0.84200729179519
975,0.79584982574248
989,0.0463082804722853
983,0.0195059439688955
977,0.708010846158857
981,0.239624588079162
974,0.8833069687387
987,0.193316314352127
979,0.743843058221926
971,0.823301503863136
984,0.659677204782415
975,0.581212189205386
980,0.290708134945197
978,0.487310873397706
970,0.323824244388535
980,0.841523952951648
975,0.213385272689252
978,0.0635555114705653
976,0.889172143061019
969,0.17585604954943
979,0.81787534216004
976,0.890784267430088
972,0.539616816905242
972,0.879247330625083
967,0.395632568131407
981,0.973871624785948
973,0.456250871804434
966,0.981168680397685
974,0.090119466395041
967,0.401822384069003
974,0.40557433483861
971,0.751402307208735
962,0.210844924187683
974,0.228491156482787
968,0.682868241951848
970,0.993423625919478
969,0.861354953272164
961,0.699809347245076
973,0.845560700607098
969,0.695692886314656
965,0.280489959273865
965,0.203706801997682
961,0.966114245291602
973,0.901489318334196
966,0.0784265447445386
956,0.562369378016868
967,0.410038361607263
963,0.941484121819954
968,0.949105190475976
962,0.779669167133926
956,0.784578333410277
969,0.238398023930126
962,0.777738154335208
959,0.383100386620938
962,0.407803882769551
955,0.256650272209118
966,0.118547363612634
964,0.19490987643633
952,0.646279185116754
961,0.352791397067055
958,0.20775508594003
965,0.210331930492941
957,0.260200279616188
950,0.512180154933151
963,0.716776136619491
958,0.941295626339364
955,0.642294990192532
956,0.10133123313943
951,0.648099469544335
961,0.260697001016445
956,0.792735483466629
946,0.429452970880456
960,0.440158206959809
953,0.540192731827339
954,0.608239010255906
954,0.061328749281312
947,0.466436009456049
960,0.562455834073883
954,0.958559019500769
946,0.511816233808775
952,0.773063169188826
949,0.741710273822545
957,0.830130945666563
949,0.717055002291918
942,0.679442065433577
955,0.0266011111959335
950,0.860592562006227
947,0.0476864136415239
948,0.697444032647341
944,0.372862705281318
953,0.0580808233110348
948,0.839475414416592
938,0.586988876991155
952,0.534298660395982
946,0.875732012719898
945,0.618125177458524
945,0.991503868375898
939,0.879928253686486
952,0.524363877852485
946,0.646987003446183
935,0.479236897975779
945,0.213243340698255
944,0.503600025581855
946,0.27400054730453
940,0.384925286379674
935,0.792224355859122
949,0.102173208537756
943,0.0717174635655654
933,0.380347953400144
944,0.452259032104467
939,0.455230826308305
941,0.498137761131148
939,0.464254972986766
932,0.268723941451662
946,0.787334295944794
940,0.494416109600266
930,0.047965205711333
940,0.829597217705029
936,0.640215059514913
941,0.10744676521675
934,0.290142198754625
929,0.0392778843218964
941,0.0466456198606339
939,0.20794750261046
928,0.492938944286094
935,0.685243655723429
934,0.160235934863164
937,0.0375743613152944
931,0.428526774087758
926,0.717010302179107
941,0.936321656161252
932,0.497537902247644
924,0.257766860195518
936,0.906184860269696
931,0.236913183133389
931,0.0370229073542484
929,0.106381060655567
924,0.265778645506232
937,0.307160706929884
931,0.743545696222766
920,0.86507320302607
931,0.313090429192765
931,0.495893047350051
929,0.885833724857409
925,0.503895522554278
922,0.472244719840819
935,0.463867127129847
925,0.452110831166477
917,0.762133509589408
932,0.00372611412655035
927,0.428916071974309
920,0.983698334007019
926,0.388777443572396
922,0.689325462976372
927,0.668673223015748
921,0.148651689759368
916,0.777952122894757
929,0.854118785900766
925,0.88333957284273
914,0.14930322432746
923,0.326730726203445
922,0.476987697923539
924,0.16557870893408
918,0.224556385535135
914,0.589792314960982
927,0.261127076589196
921,0.893708901617815
910,0.0807342876809733
922,0.857102322328011
921,0.792904105684621
914,0.0807656624729482
918,0.627544218736946
915,0.331341258709707
920,0.282915673136607
915,0.840669860078113
909,0.459073021881914
922,0.753173780153102
918,0.0891872477240769
906,0.775060524784173
917,0.363852646988891
917,0.0198386735279427
913,0.877792623530538
911,0.570052339937163
910,0.736439647829759
920,0.422972683912061
911,0.964216744503211
903,0.96337944945403
917,0.187560254082879
915,0.436278519410872
903,0.312151659887299
912,0.116907234466216
912,0.968170353577512
910,0.809733688329672
908,0.0459065072603549
905,0.357419865707859
915,0.327565142530351
906,0.606828859516738
900,0.442840016429404
913,0.132678402298963
911,0.247917657819051
899,0.820792420478628
907,0.0994393961431893
911,0.80313142277819
907,0.0401596873638304
902,0.138684462962071
902,0.506741533425137
911,0.00966030542321902
902,0.943978986635181
896,0.355562734626036
910,0.644024640872908
907,0.771168097345107
894,0.521652383894157
905,0.356011458313329
905,0.927123523093196
898,0.194890727677453
901,0.844512360499977
900,0.876755627115168
904,0.622695100685121
898,0.745583485328581
894,0.988362479780638
907,0.664783454113132
901,0.542700193637185
890,0.452790514078243
901,0.214974851280762
903,0.650405060630956
892,0.234018555689874
896,0.178928215918817
901,0.842839916655823
898,0.561688259189249
894,0.692595426837663
892,0.403485569409031
902,0.394200516949811
893,0.274919063907817
887,0.742923536435587
902,0.369911327198547
897,0.0439263703581797
885,0.185046574647239
897,0.10469368739627
896,0.127339118547068
888,0.129811300882777
892,0.80715620641144
894,0.344052730542979
894,0.493160044432979
889,0.0276001001260346
887,0.167268615512893
896,0.322123605963825
890,0.508621924481784
882,0.00688349718908678
896,0.610992174347048
893,0.54782938434236
880,0.563146736921842
891,0.615364846985043
893,0.357142682666232
881,0.671052747961926
888,0.768824414251526
890,0.946770984196076
885,0.827210002528744
885,0.576703452112651
884,0.942391619938249
890,0.230250757618565
882,0.0258894150506705
880,0.839984753541372
892,0.289850529316576
884,0.595387257647447
875,0.73337387518595
888,0.338999312380491
888,0.786429119909592
876,0.554085843941416
883,0.478688204460924
887,0.420257535607828
877,0.963783408274288
880,0.817688298662249
884,0.705245422422944
882,0.536331156998171
878,0.673614128325179
877,0.646306209314605
885,0.393074427350984
876,0.334960991826218
874,0.539734411299923
887,0.472006505218523
877,0.499747640821303
869,0.516504936721129
885,0.406461517021877
880,0.388520706961513
868,0.372651178582674
879,0.317442002462435
880,0.229947312010685
869,0.685323084306596
876,0.697900270543162
880,0.868825247123509
872,0.39870669015394
872,0.32367051019648
876,0.89945678582677
877,0.32458588332891
870,0.142106919596864
869,0.102242021863368
878,0.692433936699416
871,0.773224198417453
867,0.952495870330276
879,0.133571231009883
869,0.632334923840128
863,0.95591809853987
878,0.928359980565093
872,0.482793224466915
860,0.893920140130714
874,0.136332188080779
873,0.768350306315798
861,0.815131342084579
870,0.469314843103717
872,0.906601191598497
862,0.612396059021634
867,0.188906098283698
871,0.650656882882088
865,0.165371301126774
864,0.706219479811757
866,0.734342648071293
869,0.546074873688208
863,0.030869448247561
862,0.250750742144092
870,0.988898248253105
862,0.627905655816069
860,0.832011051799304
869,0.0156754247562805
861,0.68763171777806
858,0.786583129280228
870,0.0652602621050858
861,0.559368445025425
853,0.691787057687943
869,0.564969487645634
864,0.355664933017996
850,0.714068799353885
865,0.236238652620831
864,0.613048516015975
852,0.76233864692779
861,0.930225695142755
865,0.984526288890065
852,0.576673102508395
860,0.34618506506726
862,0.262930576021672
852,0.642983942931802
857,0.964726657215647
861,0.975553686666932
853,0.852727331961476
856,0.635573400242187
858,0.250144747814198
854,0.269550644976366
854,0.936000257117237
855,0.0376750844580194
857,0.222677359065051
852,0.44243231848733
851,0.0470855100714509
857,0.139097849751632
852,0.700521892587425
849,0.175976271810259
858,0.362073986147282
850,0.364327997276727
847,0.440738943296473
858,0.85116224571574
850,0.0876740150706125
844,0.990389076769412
858,0.816237474186445
849,0.112792718564115
842,0.73973875111869
857,0.255519679551842
849,0.29693148161026
840,0.190457801738611
856,0.415554086600941
849,0.91381115439108
838,0.398943951886744
855,0.233785743014469
849,0.256602296180528
836,0.89522909033313
853,0.560425286178171
850,0.143028624191838
835,0.871473500661475
850,0.967238821538534
851,0.124363119859384
836,0.617960922109803
847,0.0587995752415174
848,0.841634612356387
837,0.420728241792588
845,0.898237328510762
847,0.770856755676747
837,0.99937791780514
844,0.78401945620886
846,0.152498894447279
835,0.00786376049393779
843,0.681314156086385
845,0.684828815292527
833,0.180470952627459
843,0.872863152546789
844,0.374556184971173
832,0.22236088541204
843,0.747433008244299
841,0.991768921427971
832,0.657569879082074
841,0.85580505427272
841,0.906446926119634
831,0.875352716304836
839,0.0157538809116115
840,0.126450171824695
831,0.117555201213062
837,0.0715861508851909
840,0.624321201394583
830,0.877052057288214
836,0.161179671144677
839,0.728161903981265
830,0.985615234581724
835,0.237589184019549
838,0.359959238649259
827,0.686297535615619
835,0.76211083291624
836,0.34910925794621
826,0.5954207335462
834,0.268922353239757
835,0.0661120098336925
825,0.897096762715587
834,0.0903386395012547
834,0.149028593831943
823,0.497074638443383
833,0.758097247938804
833,0.269533041808807
823,0.679316585157706
831,0.590590515132584
832,0.526113513841698
823,0.989069720774297
829,0.340073358030966
833,0.419038676199821
821,0.857201597551403
829,0.151012730328243
831,0.44196306627086
820,0.0200512187843429
828,0.862145193438394
830,0.099290949022491
818,0.368585543773094
828,0.788306818258307
828,0.229574325029201
817,0.345338423978482
828,0.561105473998199
827,0.111524325112709
815,0.399057195712451
827,0.755654157086413
826,0.272738582549026
814,0.386614913746316
826,0.642928046055821
826,0.357026138665073
812,0.111629002462716
826,0.996268318324761
824,0.53166678975663
811,0.65300182482486
826,0.705252973779667
822,0.381601689604673
810,0.735333826684928
826,0.137918095094625
820,0.638873772886997
810,0.858528854855333
826,0.802397946097706
817,0.164273520665803
810,0.195329198188416
826,0.970986759942779
815,0.963144460664111
811,0.249168327390678
822,0.0185691290072507
814,0.708960983298363
811,0.898388161697386
820,0.620268095005896
813,0.223203647732715
811,0.98680188812812
818,0.505671191375676
812,0.796057792280101
811,0.634520738640613
817,0.563868585655639
810,0.539721190447179
813,0.799147904786638
813,0.643140120366428
809,0.624571290479484
814,0.623164428333875
809,0.262229836644598
810,0.885105544907597
815,0.0752540766592136
804,0.898152175572603
812,0.269005975276203
813,0.505751832752411
803,0.712739948197325
812,0.381498099218369
812,0.664835134375236
801,0.651462276749246
811,0.258776918451674
812,0.0772319965493217
798,0.562507621969489
812,0.778666232176508
809,0.802715158715779
797,0.0913501530339731
814,0.762585236001238
804,0.406407871719386
798,0.452748399751172
813,0.441418016106552
803,0.686342208894407
799,0.80248776313384
810,0.125811879076676
803,0.876181299070126
798,0.373942390856826
808,0.540331596605444
800,0.835509699875781
801,0.204686725839761
804,0.609123476607964
799,0.661499856752443
805,0.27034555120582
797,0.437734620708395
802,0.201324804031805
803,0.933917351463002
794,0.881109580587796
803,0.735902208872415
803,0.851542274840356
792,0.320012832210363
802,0.988694361066022
803,0.689331178894789
788,0.00293710638303072
805,0.556837321260906
798,0.234164071326501
789,0.975043512528282
805,0.414810093798161
795,0.633510267063856
791,0.950040777418488
801,0.95979743383253
795,0.496995982021548
792,0.596721781946573
800,0.798525970310813
791,0.93265214629288
795,0.686803453878538
793,0.158520971364216
792,0.649821539892782
797,0.666360644288339
787,0.877818484484122
795,0.317534754793513
796,0.0880054445005109
785,0.03975280606741
795,0.388138333116931
796,0.352415913426978
781,0.665875409683383
798,0.28489987450433
790,0.0254981263700207
784,0.50464321453693
795,0.416089005649192
790,0.667976257739705
783,0.878286806840143
794,0.361426328070462
786,0.198512499440254
788,0.435461047070414
787,0.418166220525759
785,0.559357426041924
791,0.404467383494248
781,0.199042507205673
788,0.355297542889309
790,0.732499946667362
778,0.0610642574439652
789,0.728436406905697
789,0.750778762186972
775,0.679463180003444
794,0.964389600823453
782,0.971138612253497
779,0.479912246808356
788,0.695083775796013
782,0.149578702186226
780,0.817971926614522
785,0.39321793633471
778,0.68517644597461
786,0.279101227176962
777,0.731610348800073
782,0.878726620758847
784,0.749524447902164
775,0.693027428532772
782,0.30326727317228
785,0.508150114786405
769,0.174599055573688
787,0.556664255227946
778,0.182847034041936
773,0.846665768266446
784,0.426130926558081
776,0.889361165987351
775,0.712873557381031
779,0.282640636547512
774,0.917116460988481
781,0.567179325156126
770,0.463130028151056
779,0.804182093692486
779,0.709109495815841
767,0.567024093141169
781,0.99514369920812
776,0.656521107293521
767,0.588318634205337
780,0.19566876964582
773,0.980561203524555
769,0.620166756571888
777,0.533993134432432
770,0.122353682891881
775,0.646353400438275
768,0.745858331699333
773,0.547227313724023
776,0.323980372108252
764,0.208586545913108
774,0.843868793506283
774,0.570521776992398
762,0.124692668188254
777,0.460867829440303
768,0.239201587499748
765,0.199059511637161
773,0.337445025304313
766,0.39837513900203
771,0.650211775975572
764,0.697729335581245
769,0.0597388684589459
771,0.292745428362124
760,0.753724543253367
771,0.482377447098448
769,0.842982037481407
758,0.0630456904865208
773,0.0575739699264771
764,0.461085412304032
761,0.835508638287061
770,0.0343675957535231
761,0.4269122065658
768,0.603192698795516
759,0.780089129356773
765,0.826406449797995
768,0.388937720485999
754,0.383654924074755
769,0.647438133344237
762,0.340686688609944
757,0.119177337463267
767,0.985081939447877
760,0.962478081228885
759,0.54141593553746
761,0.643701736820341
760,0.175322950561591
764,0.328810984045044
754,0.0705732759102201
761,0.888284253110047
764,0.883578056277552
750,0.593327857375253
754,0.78162477515168
762,0.581288927853614
753,0.393927598397545
761,0.527027633699713
761,0.520856288395759
747,0.960574389157286
762,0.54382181137458
760,0.756123673553858
750,0.419926199065928
755,0.254156238237487
757,0.699506868524983
744,0.740885026749965
759,0.6487918190092
751,0.447610768618973
747,0.0557346013287808
756,0.867090639934955
748,0.228162014865187
753,0.832909320822325
747,0.946177668396284
751,0.421181874474928
754,0.111570594015336
742,0.200983619998887
755,0.00836505157220358
749,0.197886502350589
743,0.22774162770611
753,0.754444034851163
746,0.844436370744411
749,0.508009433136198
744,0.460790155594339
748,0.962926489709042
751,0.511686743231118
738,0.196207789975924
752,0.208459766640599
746,0.494794345769641
740,0.618357229227362
751,0.899348782917789
741,0.870016636649075
747,0.07464816547795
740,0.0908234911482799
746,0.657445036684735
748,0.319968513528608
734,0.345152940882454
750,0.980003559145449
742,0.986745461767344
738,0.565381807665283
746,0.840065885075726
738,0.919541498974454
745,0.0512258954879797
737,0.120661802463913
742,0.016040533108213
744,0.405524642192503
733,0.0987182022534616
746,0.489247818883516
739,0.32767514416988
737,0.661467052093399
739,0.158316802915388
738,0.912374918235971
743,0.918002933898778
732,0.647869410582717
742,0.586234398372747
738,0.850308168354006
732,0.681894908085574
742,0.341172052831852
733,0.107847121286437
740,0.28580179593576
731,0.57691327924907
737,0.352120868886335
740,0.607215733960255
726,0.128542328006939
742,0.704863387236965
733,0.61023418322666
731,0.922955834493767
734,0.81853614891545
733,0.371541260732845
737,0.89401401682714
726,0.52387691894585
737,0.33311396308753
732,0.60142909871489
728,0.930330048713237
736,0.672782868978548
728,0.607529393932272
734,0.668780886528748
727,0.0693562664780786
731,0.144445816857286
734,0.645046032496683
722,0.750588578921382
735,0.202075800956881
729,0.898565872082327
729,0.931634158636879
725,0.854464333205833
729,0.376768478904851
733,0.150371816455881
719,0.128580557408977
734,0.323703185839802
726,0.337762721782086
727,0.0749064223372569
725,0.738195714818185
730,0.927391189878249
718,0.423429437837411
729,0.00894343071829697
725,0.913849325114417
720,0.151223057775556
728,0.320107893988151
720,0.52200057155659
727,0.189837000387236
717,0.957237643829424
725,0.623679473810909
723,0.922195560968837
717,0.506302597947808
727,0.761110929276523
717,0.648364747445451
723,0.0509010224217718
717,0.216976724379278
721,0.163958177412272
722,0.27396923429455
713,0.397031910273677
724,0.796074430314883
715,0.33457924895878
720,0.856943264868522
713,0.538425102452374
718,0.818723235478551
720,0.909393458812651
710,0.357899702749857
720,0.185695676171639
712,0.443471533244932
716,0.496024924565675
709,0.517110345506869
711,0.865036454475288
713,0.269603559335106
704,0.38287888945705
712,0.5956603460227
703,0.851817885258892
708,0.821125503135044
699,0.354324708547502
704,0.957522313231356
702,0.68639045348763
696,0.0435914131188828
704,0.328894853863265
693,0.400804506628737
700,0.941380303395749
688,0.960997458858209
698,0.0993916329247107
692,0.436885448353841
689,0.600630808839557
690,0.00574974133035478
688,0.241854771080456
693,0.25332404696086
679,0.797225881828725
690,0.527521318278028
682,0.935451864822291
688,0.764616570211934
679,0.616773504926732
688,0.364707512592055
686,0.233687826281996
680,0.081768397982065
685,0.956799489793441
682,0.965016106798908
687,0.425006432366241
675,0.134681683376711
686,0.719177132454582
681,0.260594806879964
684,0.723355332291034
677,0.744733422661799
684,0.693892880904755
681,0.436516695587753
677,0.48868697061729
681,0.90774671606923
679,0.842967006056798
684,0.82499833658699
671,0.488653791119874
684,0.486557139126283
676,0.703824196452619
681,0.392939780843162
673,0.922898005291181
683,0.916449185378126
678,0.765984233610952
674,0.852519577573422
676,0.41092841228899
677,0.38570019403238
681,0.987666850318483
670,0.417989736413219
680,0.366804146594489
672,0.654268147274765
679,0.792604647211649
667,0.938395285965934
679,0.198865276546192
674,0.775630370525925
674,0.57303724589397
671,0.921297748232107
673,0.762790990701948
676,0.573577354132444
668,0.577930452893786
677,0.537403595037947
670,0.835880841033168
676,0.746463426390405
663,0.0199030054871204
676,0.826848728793488
669,0.296009784699418
673,0.763125977570767
665,0.373572522871157
673,0.796663119829217
670,0.562087236332467
667,0.88095086048286
668,0.225595703729224
669,0.0129913376339828
672,0.394397409860509
663,0.627903680917649
672,0.81318052250854
664,0.638478525252798
671,0.325391385714314
659,0.219162997267845
672,0.963363896937532
665,0.939444078993695
669,0.0500730009696688
661,0.233648014115355
668,0.979496064767854
666,0.128737585401175
662,0.125331875874096
666,0.580464130971145
664,0.280195632283315
667,0.93806138954969
660,0.818016475829011
667,0.2992903025711
661,0.999020306692873
667,0.734515327625237
654,0.494597838872178
667,0.375567062883264
660,0.689461469749422
665,0.844043382265889
656,0.717915107143481
665,0.720821885588638
661,0.40678891579388
660,0.56353821188356
657,0.794306859392182
661,0.332497819021901
662,0.939247864502966
655,0.803563038574492
661,0.821769472552642
658,0.84515066207298
663,0.34770143698965
651,0.702433068053123
662,0.0355958980181921
655,0.228340782390168
661,0.345383426908565
649,0.907430544842437
661,0.673166627083469
655,0.392526186081403
659,0.281433135304761
651,0.552008844214079
659,0.00617913201803277
656,0.902464247863366
654,0.534449268877973
652,0.535746748850864
655,0.508730910780751
656,0.828329254846386
650,0.5424560192515
654,0.976861298888785
653,0.730810323856889
657,0.585806285318277
647,0.291918810522853
656,0.440691231281107
650,0.00396052275365636
656,0.422266053939841
644,0.936988231939816
655,0.467873288226924
648,0.0649034400024485
655,0.301137509033795
643,0.448785799998374
654,0.683619064772168
649,0.632110255187756
652,0.580507650024851
644,0.0407315801840103
653,0.683421977156184
648,0.35586082867834
649,0.97908541789042
646,0.761110350335293
649,0.485976976789048
648,0.1555122152516
644,0.292414578707233
646,0.585179148496545
647,0.803294506269649
649,0.814213789497048
642,0.330138174015945
648,0.411971446155486
644,0.1994393063676
649,0.869622188668746
639,0.318423378163149
648,0.168322020839237
642,0.603377146111845
649,0.0508922741709742
636,0.46652317447098
648,0.680068382017388
640,0.844803507514119
648,0.633968152515179
634,0.261152246290097
647,0.807413734118149
639,0.360175681297316
646,0.504022181250827
633,0.979366091758931
646,0.0126061010352986
639,0.815395610681558
644,0.515598856577101
635,0.0204522742916776
643,0.351651445762428
639,0.85558483936858
641,0.6725452080278
635,0.101001342932475
641,0.735131673788195
639,0.818079650676467
638,0.814739038577224
635,0.00097841408472063
640,0.30568415311631
637,0.0838784282880268
636,0.779683596597716
635,0.0725240779584142
637,0.988386754754791
638,0.937647722767617
633,0.583134695043418
635,0.827548273907725
636,0.983454464362445
636,0.508467251821684
632,0.862529007148838
635,0.418944803671349
634,0.368482126733997
636,0.63605524235075
629,0.422407004287238
634,0.685545791496128
633,0.195299997517528
636,0.11683493459435
627,0.756236972822099
635,0.794434250998659
631,0.216542497897228
636,0.297229647697943
626,0.658500678407573
634,0.110131242731027
629,0.484726793177059
635,0.385976915675462
624,0.373791794636463
632,0.292538019031905
628,0.13296264583069
634,0.469395250192423
623,0.765843101420222
632,0.17468499932134
627,0.518153706805704
632,0.180400746086305
621,0.185905552394917
631,0.236515380879982
625,0.910347235273966
632,0.89224848847995
620,0.817094193764502
630,0.0634121382942048
624,0.272358294560048
631,0.000988357280851965
619,0.802312096241211
630,0.360907158351077
623,0.179627070814232
629,0.286370801729932
619,0.236011175194089
628,0.263883218763082
622,0.682344685402009
629,0.0958567454672623
616,0.488267614122841
627,0.907657172086982
621,0.308128668756729
627,0.782601004776967
616,0.729573377749559
625,0.407113864060011
620,0.398025204895583
626,0.941245894023394
614,0.296192822763229
625,0.045884077706248
619,0.279533018087803
625,0.0868039836283021
615,0.741306361902741
622,0.50408942461299
618,0.161229374529498
623,0.90402404600724
614,0.491376069407783
621,0.338292376759759
617,0.838817022704129
621,0.900162805809716
613,0.021239615235999
619,0.154017895424843
617,0.538213800527063
620,0.937447036781027
612,0.856642229074481
617,0.87557128049957
616,0.852457172033083
619,0.551308528390948
612,0.305081916822021
616,0.871268063320635
615,0.134015447169608
617,0.666879264676419
612,0.592593835056693
614,0.8544616188453
614,0.542106337073912
615,0.590627872883253
612,0.172558518343122
612,0.0168410849357352
614,0.841244184152445
613,0.415536754797505
612,0.219067686721367
609,0.672981397411063
613,0.225081871928825
611,0.0916663803574839
612,0.324263848215584
606,0.0167249159744813
614,0.334950477887551
609,0.0640463213537375
612,0.87500828131586
604,0.532420583033088
613,0.314295885139766
606,0.415692262561352
614,0.867715063933524
601,0.977489021245238
614,0.74166188602085
605,0.620332184253196
610,0.722700932598755
600,0.43957196869897
606,0.150027468223864
604,0.581581896760807
608,0.437301421807499
601,0.346229928870699
604,0.0420712123164091
604,0.990378073011222
605,0.689944773795089
601,0.215481117961301
603,0.787960232163233
604,0.55646670680547
601,0.0893455747288125
603,0.0870133138370425
597,0.956225664193835
604,0.912315161073714
599,0.617573576390817
604,0.966831642319603
594,0.534382898339434
605,0.0965924499046725
597,0.361050406533679
605,0.997299947887285
593,0.977848515496721
604,0.458289901837665
597,0.12057200257696
602,0.139381531056847
592,0.365993057960248
600,0.588507073273545
596,0.124145614573415
601,0.316401374230326
593,0.576329772360564
597,0.280318880565829
598,0.0543945713668066
598,0.990929917407878
595,0.588817713961003
593,0.0852024761997425
598,0.668338062296504
594,0.204468113504999
597,0.764611506714463
589,0.811209023421031
598,0.0731175021534337
591,0.328945487234226
600,0.715963156443574
586,0.760489346407123
598,0.322279739117441
590,0.583847891462971
599,0.542550865979293
586,0.970152088913509
594,0.633100038473192
590,0.594336124209871
595,0.522748723969157
588,0.704221344222966
591,0.459664854832627
592,0.76707542197076
591,0.883456215807575
590,0.0212848970481361
586,0.739661338304551
593,0.0936443633026243
587,0.503649617941623
592,0.0553080933981373
583,0.508233199511988
593,0.0182603948682433
586,0.264038370528132
594,0.870680011587357
581,0.965957088570626
589,0.0544147885845278
586,0.38182697462236
590,0.919141843964868
584,0.162739318618353
586,0.105871851149908
588,0.798021859493581
586,0.183771565176725
585,0.00125616804771247
581,0.430796949366561
588,0.390776773613444
582,0.428778441288494
589,0.819088143668842
578,0.365331846556879
588,0.748094684137463
581,0.884785938463628
588,0.359835992198696
577,0.382128808207619
584,0.754828432972432
582,0.528408099536347
585,0.34787013340036
581,0.176062819255102
580,0.610998509827316
583,0.109257189189164
579,0.566582625838408
584,0.31366156623768
574,0.366941498371112
585,0.960174594800299
578,0.943557502861372
584,0.515280812981243
573,0.952658839525739
581,0.493963180034598
578,0.96732651394474
582,0.990219374642441
576,0.602123770440734
578,0.475548125236378
579,0.525615964099712
576,0.959323217407552
579,0.470808897467771
571,0.863313311741741
581,0.409093421802662
575,0.2404626811848
581,0.00883636985776086
569,0.636673528399805
578,0.81148417870464
574,0.685124004480873
578,0.188697991974115
574,0.638961204114859
573,0.283663657615511
576,0.352746511581421
572,0.217207193368844
577,0.738687729617425
567,0.943711335488356
578,0.268429212713146
570,0.563334620721709
578,0.936605719910628
566,0.726922144803512
573,0.4382218704346
572,0.973076251583042
575,0.895907428113314
571,0.488481378502429
567,0.835462028515576
573,0.481126167376188
569,0.930744513089253
575,0.500830638964801
564,0.13391527675855
574,0.418042350255622
566,0.0038940024432506
573,0.529639989239568
565,0.911561639197354
569,0.5285577146485
570,0.664503292461568
568,0.779479642720463
568,0.129671106134149
562,0.37177343232756
571,0.237985434421372
566,0.0592451952820563
572,0.979851654311075
559,0.102822461668989
568,0.410966083211371
566,0.376147861635497
568,0.72445302707764
565,0.360284809559332
562,0.112645410225274
566,0.941102438286695
562,0.0253651200152028
570,0.650291941918659
558,0.231738189029411
566,0.837060245832286
561,0.511386780136773
567,0.0309790076198366
560,0.556600115698662
562,0.908365718525654
564,0.64639157261719
560,0.751793650204256
565,0.525006813416775
556,0.0160239197582458
566,0.230217357264162
558,0.905361702431824
564,0.956401770639331
556,0.1780606526534
561,0.768281630289926
562,0.756265953268234
559,0.0497004501130263
560,0.256738827759382
553,0.272194958467178
564,0.394709589727337
555,0.594232993021062
564,0.86858886946729
553,0.332174311402197
559,0.274010995620471
559,0.788239385309775
558,0.495427111523144
558,0.373896491854432
551,0.236252640575289
561,0.778302427643285
554,0.337400986926696
559,0.867473827812071
551,0.467392558176823
556,0.914928687922776
556,0.347057146468849
556,0.0134431794977943
555,0.630303543375121
548,0.130254775187895
560,0.383396712364835
551,0.669142747182296
558,0.32419588745959
548,0.223175277729936
554,0.459519318218481
554,0.468937601997304
552,0.363091097027061
553,0.478532687084803
546,0.520354275636913
556,0.710812363050404
549,0.967332748597282
554,0.17401343244425
548,0.136018369319067
551,0.849607931736174
552,0.00227135516670319
548,0.736068831793683
553,0.226708583875844
544,0.80031860461086
553,0.576166563241956
546,0.102796237387682
553,0.492499362322247
547,0.946597208726048
546,0.72878244290256
549,0.578797255404868
545,0.405831750070903
553,0.00746255952006851
541,0.955691615901146
549,0.871125588019405
545,0.302099837874666
549,0.267604606323129
546,0.223810358122755
541,0.00925150681430158
548,0.558007872946923
545,0.966219376610729
550,0.738560436175095
538,0.897317712702254
545,0.016409822662821
545,0.864234358080375
546,0.862153276049844
544,0.982006655286965
538,0.752196940237903
547,0.0816198467818612
540,0.767157737643267
547,0.365064113034105
539,0.0523109430546287
542,0.611668973372047
543,0.373700890597904
539,0.469260417014323
545,0.922049951902565
535,0.905354572712933
543,0.528390052514841
539,0.925508399175035
544,0.726825010171323
539,0.216309288041879
535,0.700949966775444
542,0.99072131610178
537,0.644273907296251
544,0.875696958559137
533,0.133886675485618
540,0.952339131458275
539,0.366559237791464
536,0.173465286521634
540,0.054577942281346
532,0.678308601576767
540,0.986690406105949
534,0.143504126250693
541,0.340396769683994
536,0.652141954846269
531,0.782044552830848
539,0.0569564927957264
534,0.14761762361101
539,0.0644242121640043
530,0.341249625752831
536,0.873320089739141
536,0.666462230571356
533,0.0660967048682213
537,0.77546673576718
528,0.410488166203951
536,0.0303032789482796
531,0.429717863906899
536,0.874812072009447
532,0.948494121600398
527,0.244679503089584
536,0.0398100771563414
529,0.708666810803709
535,0.0741619756371727
527,0.906787166436165
531,0.947959844691279
532,0.258005180130871
528,0.310206202595747
535,0.552221670793274
524,0.46139649317549
530,0.290281093040164
529,0.245162986233732
532,0.262471462037858
529,0.186580978831091
524,0.803926892016404
532,0.409424967748862
525,0.672397710978734
532,0.822685636587135
527,0.00179831327206687
524,0.352800187163358
529,0.770230694488489
524,0.381076890644711
532,0.849983047825952
520,0.785202403111385
527,0.616979844423143
527,0.0973462552451625
523,0.914323892027372
529,0.77863510129904
519,0.865124984638534
526,0.0995065407319221
525,0.816157551265584
526,0.378032204480244
524,0.445665623426106
518,0.963125936752532
527,0.452394906563487
520,0.814873871553214
526,0.269112523312394
522,0.498339404299808
518,0.0535414886982937
525,0.882484027634585
520,0.187328995837142
525,0.662140278494374
517,0.743869602760806
521,0.312840264391364
522,0.54095032654546
518,0.559513789018114
525,0.111027690067738
514,0.725759024151056
520,0.507134533291396
521,0.149956734356895
518,0.370734677517799
522,0.0476605693254855
513,0.401023088259789
520,0.951327305381865
517,0.509244835828261
520,0.96331566431159
518,0.407080420704829
512,0.441372525322066
521,0.479376331949738
514,0.527247426574777
520,0.828974029201048
515,0.370121848197609
511,0.868865096065155
520,0.798872334998925
512,0.436765966303227
518,0.0531924812277968
514,0.194885188948415
511,0.584820417853854
517,0.426125077692978
512,0.561716406216237
518,0.561657575548936
510,0.645966061434968
513,0.195277857891
514,0.456601548443279
510,0.592908009243136
518,0.675741630135521
506,0.247444471347276
514,0.306136255868997
512,0.604694759850937
509,0.511573669875196
516,0.704480141740307
505,0.708462335499172
512,0.558528637682802
513,0.0220251590989223
507,0.0960760602769551
514,0.416216684467748
504,0.344956753588622
510,0.633227951343742
510,0.791883343110112
509,0.294718292561576
511,0.327060946719967
505,0.452824988293533
509,0.640492328005077
508,0.992626747987277
509,0.985468842627285
508,0.387637506297937
502,0.793207946347158
509,0.853441489735609
505,0.878962198419029
509,0.969175339153267
506,0.96262717110224
501,0.457850851555145
509,0.187665591521813
502,0.95343002147668
509,0.602012717897581
504,0.970041596354828
499,0.217950340102284
508,0.183118722529941
501,0.773578524704555
508,0.43335332782498
502,0.724833971754701
498,0.213854909977207
507,0.582837627907791
500,0.549053422095938
506,0.159636982962501
501,0.0380014625095921
496,0.501237126802616
507,0.0641139822543438
498,0.283066030441198
505,0.107620745293545
500,0.151929086595095
495,0.13582038987908
504,0.712535068804831
498,0.344558111421956
504,0.00346030993570274
499,0.194670008959574
493,0.503945308314495
504,0.956975508710551
495,0.211027647808614
503,0.0943672126245224
497,0.966786089406274
492,0.704087986379098
502,0.682120396856944
495,0.0771478209086599
501,0.215820840335044
496,0.389611749408249
491,0.794802479363293
500,0.215376332708847
494,0.699279917276748
499,0.636716190512471
495,0.325287458427589
490,0.754881871129366
499,0.630504327723526
492,0.680107372031361
498,0.265749188334693
494,0.382307127328375
489,0.677137496533787
496,0.896867042580976
492,0.133206086781756
496,0.275616736542263
493,0.013986061822668
488,0.734932650947742
494,0.428119176248647
493,0.828200070384457
492,0.138512151813828
493,0.922567613063507
486,0.110507395126122
492,0.0184124071055651
493,0.648098426418823
489,0.362244357167486
494,0.254496646170451
483,0.466953762354665
491,0.0332481643769562
492,0.761192340134996
487,0.459022121935289
494,0.12866185608132
482,0.76663881934179
490,0.936629389524049
489,0.550484318348915
486,0.692651611184795
492,0.656150542275009
482,0.0100840387400343
488,0.318298633761321
488,0.536297478492439
484,0.569600350361406
489,0.485637227919904
484,0.540834382431774
483,0.000222150602473291
488,0.510759149246134
483,0.058965270776832
487,0.486665390875267
484,0.316077149119679
479,0.274917141619941
488,0.814361145453674
481,0.594455728706256
487,0.395586980255116
482,0.218368798229871
478,0.327980286553222
486,0.466544109837257
481,0.460644982808437
483,0.610685880802845
483,0.569581847320601
476,0.886192800752843
482,0.472298882078439
483,0.423886767903267
478,0.467992305516312
485,0.38688999073591
474,0.960533347795208
481,0.458751793930736
480,0.659040034787278
478,0.191768022211376
482,0.352024631787134
475,0.0940112761651862
477,0.563486995879093
480,0.00516831247654397
476,0.364636380599773
479,0.299035918947566
477,0.0409070601399957
472,0.127122556891606
480,0.333784874354662
474,0.579470243868964
479,0.160107624681166
475,0.899124896764947
471,0.377496135289253
476,0.953671798404074
477,0.505110738288339
472,0.0669270126733004
479,0.39599311219724
467,0.522652179411265
475,0.365963544364161
474,0.387932858822998
471,0.0608167430590603
477,0.447445133604601
469,0.683497620377184
471,0.451987265046215
475,0.179067323957977
468,0.240415795052283
474,0.321956450946435
471,0.804348166460307
465,0.980554217318534
473,0.10297918859631
470,0.73788581862333
470,0.433584944272508
472,0.188232897476583
463,0.727870765809576
471,0.557679915231607
469,0.16799571169965
466,0.868736932511788
472,0.989795697626841
464,0.100746830610251
466,0.326574927621643
470,0.513370094545716
463,0.61695780013436
470,0.766405572415446
465,0.210417140703128
462,0.834564476416296
467,0.652210803082149
465,0.279661904669413
464,0.868781302335646
468,0.429355078628845
459,0.421075175782072
465,0.0991521031174719
464,0.385875001269808
461,0.202505007492943
466,0.914141871417386
461,0.60890196747096
458,0.0454495243522093
465,0.292011292115072
459,0.115292077984704
463,0.0335257847574159
462,0.0413273836363312
455,0.836029092921615
461,0.420861319889436
461,0.268915797583225
457,0.50529999320404
463,0.666688960587244
455,0.0834193565180918
456,0.655411637473471
462,0.95030524767491
454,0.13417478008967
460,0.523320027880933
457,0.442051256830832
452,0.0144495384253283
457,0.477886809004877
458,0.569904663757958
452,0.652210571463139
460,0.52759615752718
450,0.556592474270126
453,0.0486319837005893
456,0.778207472098169
450,0.245599447975434
457,0.228058477472578
451,0.103647933121509
448,0.837280646613565
451,0.801488143437981
453,0.393793196347468
446,0.359680045921981
445,0.439486007077286
448,0.532888847853115
447,0.254828107224966
438,0.124220193318979
446,0.475547056938163
443,0.816650691887874
441,0.103961304389773
445,0.204140436200982
441,0.493664621391902
436,0.169701108947342
443,0.416432724336427
442,0.320590350602147
438,0.172325704401725
445,0.838546286917196
436,0.921625488719695
437,0.21370829387616
443,0.321286274489663
435,0.837132249863557
442,0.189646365837881
439,0.38032696056046
434,0.556409500915185
439,0.431377022560932
438,0.530247182606553
436,0.810802550878367
440,0.626821359958277
436,0.220981059460052
432,0.842564025896367
437,0.287030644872857
438,0.335852948197062
435,0.805617506445536
439,0.479872309385299
433,0.994457917320922
431,0.279436572271786
438,0.256208611960801
434,0.851247597871885
434,0.176285990372461
438,0.677822586849201
428,0.388962071087657
434,0.787651348341406
436,0.154213442291103
430,0.258136987799574
435,0.554293076895163
434,0.11713509355403
427,0.513008234031941
434,0.114288065043029
432,0.0171447520831167
430,0.665427573724257
434,0.0437673828695618
430,0.193072702577235
427,0.359691335023493
431,0.523539664339134
432,0.658895979219567
428,0.067813725563161
433,0.28849430490417
428,0.705898535889419
426,0.0454413589452956
430,0.0976551004333322
431,0.656270716597518
426,0.981752714363312
432,0.615579699612839
426,0.808204604344785
424,0.624765400322564
430,0.302842544624656
427,0.42476221743145
425,0.918556693610022
432,0.151311995963232
422,0.505952617295926
425,0.494684812446553
429,0.757795838809293
423,0.145534120107649
426,0.21320453837672
429,0.889745621263412
419,0.0619875028708695
425,0.884620494882366
427,0.230263332558024
421,0.355278293614748
427,0.297817472647297
425,0.400018613697411
419,0.664068393113807
423,0.975135875488704
425,0.286107705244922
420,0.853787454355735
425,0.227789686503869
423,0.570035995827911
417,0.659214468083202
423,0.52598809659357
422,0.39373421304439
420,0.909491464676726
424,0.251205577424023
420,0.14322350941121
416,0.329865404246866
421,0.605279688543166
421,0.543272730805512
418,0.452223356345868
422,0.41707952277754
419,0.654959366925377
414,0.0110855859337594
420,0.253360683302028
419,0.315892711241243
417,0.517889892735093
420,0.279773051021393
417,0.392783683121719
414,0.967630403945687
418,0.751514251393728
417,0.756647223777028
415,0.13272531344118
419,0.229347864024463
415,0.248692204047622
412,0.703055333102913
416,0.818833607792437
416,0.926541238196108
413,0.561339097496203
418,0.0129392931116597
413,0.33448046699827
410,0.003568109966132
415,0.96887529146094
415,0.0429966740259095
411,0.94025472299503
416,0.718646830807901
412,0.650604539474897
408,0.776954640974588
414,0.512835132404115
413,0.0796899350778063
409,0.766084197620234
415,0.888377471324596
411,0.652008297683538
405,0.980629376463077
411,0.694082164804339
412,0.456784785715126
407,0.453042773842225
412,0.403105908870906
411,0.997135191967408
404,0.717267275291439
408,0.538234290153274
411,0.806149304444262
405,0.470482272707549
408,0.320269392354122
411,0.141887805101593
403,0.965076218456468
404,0.242606051293684
410,0.828191745434065
404,0.73662965040745
405,0.233067753068422
409,0.188475771411056
403,0.802624963986312
406,0.147788378360695
404,0.692740153658718
403,0.0368411448206526
406,0.754178762533533
403,0.757193123235464
403,0.571295069279654
404,0.593728666281556
405,0.155699855909981
402,0.307677186099859
402,0.307501301724388
