101
101
102
104
103
103
105
103
105
106
106
107
109
107
109
110
110
111
111
110
113
113
113
115
114
116
117
116
118
118
117
119
118
120
122
120
123
122
123
124
123
124
125
126
128
126
129
128
129
130
128
131
130
132
133
132
135
133
135
134
136
136
137
138
137
140
139
141
139
141
141
141
144
142
145
144
145
144
146
146
148
147
149
150
149
150
150
151
151
153
153
154
154
155
154
155
156
158
158
159
159
159
159
161
160
163
162
163
163
163
164
165
166
166
168
168
168
167
170
168
171
171
172
172
171
173
173
175
174
177
176
176
176
177
179
177
181
179
179
180
180
183
181
184
184
182
184
184
186
185
186
187
185
188
188
188
190
190
190
189
190
192
191
194
192
192
194
193
195
196
196
196
196
195
199
197
199
200
197
200
201
200
202
202
201
202
203
202
206
203
204
205
205
206
208
206
207
207
208
208
210
209
209
210
210
212
213
212
211
213
213
213
216
214
213
215
216
216
218
217
216
217
219
218
219
220
219
219
221
222
222
220
223
222
222
225
224
222
224
226
225
226
226
227
226
227
229
228
226
228
231
229
231
230
230
230
231
230
232
235
234
234
233
235
236
235
236
236
237
240
238
237
238
240
240
240
238
240
242
242
242
241
241
244
242
244
243
243
245
245
245
246
245
246
246
248
246
247
248
248
250
249
249
249
249
251
251
250
251
251
253
253
251
253
253
254
253
254
255
255
256
255
255
257
256
257
256
257
259
259
259
257
259
260
261
259
259
260
261
263
262
261
262
262
264
263
262
265
264
265
264
265
266
266
266
265
266
267
269
268
267
268
268
269
268
269
270
272
270
269
270
271
273
271
272
273
273
273
272
273
274
275
275
273
275
276
276
275
275
277
278
277
276
277
278
279
278
278
280
280
280
278
281
280
282
280
281
281
283
282
282
283
284
283
283
283
284
285
284
284
287
286
286
285
286
287
287
286
287
288
290
288
288
289
290
289
288
290
290
291
290
290
292
292
291
291
294
293
294
292
293
294
294
292
294
295
297
294
295
295
297
296
295
298
298
297
297
298
298
298
297
299
300
300
298
299
300
301
300
300
301
303
300
301
303
303
301
302
304
304
304
302
305
304
304
304
305
306
306
305
305
307
306
306
306
308
308
307
307
308
309
307
309
309
311
308
310
310
311
309
310
312
312
310
312
311
313
312
311
314
314
312
313
314
315
312
314
316
315
315
314
316
316
315
316
317
317
316
317
317
318
316
318
318
320
317
318
319
320
317
320
320
321
318
321
320
320
320
321
322
321
320
322
323
321
321
322
324
323
322
323
324
323
323
324
326
323
324
325
325
324
325
326
326
324
326
327
325
325
326
328
326
326
328
328
326
327
328
330
327
328
329
329
327
329
330
329
328
329
330
329
329
330
332
329
330
331
332
329
332
332
332
330
332
332
331
331
332
333
332
332
333
334
332
333
334
334
333
334
334
333
333
334
336
333
334
335
336
334
335
336
336
335
336
336
335
334
337
337
336
336
337
338
336
337
338
337
336
338
338
337
336
339
340
337
338
340
338
337
339
340
339
338
339
341
338
339
341
341
339
340
340
339
339
341
342
340
341
341
342
340
341
342
341
340
342
343
341
342
343
343
341
342
343
341
342
343
344
343
343
344
342
343
345
342
343
345
344
343
345
345
344
343
344
345
344
344
346
346
344
346
345
344
344
346
347
345
346
346
346
344
347
347
345
345
347
348
345
347
348
346
346
346
348
346
347
349
348
346
348
347
347
347
348
350
347
348
349
347
347
349
349
348
349
349
349
347
349
350
348
349
349
350
348
350
350
349
349
350
350
349
350
351
350
349
350
351
349
350
352
351
349
351
351
349
350
352
353
350
351
351
350
350
353
352
351
352
352
351
350
352
353
351
352
353
352
351
352
353
352
352
353
353
351
353
354
351
353
353
354
351
354
353
353
352
354
354
352
354
354
353
352
354
355
353
354
355
353
352
354
355
353
355
355
355
352
354
356
353
355
356
355
353
354
356
353
355
357
355
353
355
356
354
355
357
356
354
355
356
354
356
356
357
355
355
356
355
355
357
358
354
356
357
354
356
358
357
356
356
356
356
356
357
358
356
357
356
356
356
358
358
356
357
357
356
356
359
358
357
357
357
356
357
359
359
356
357
358
356
357
359
360
356
358
358
356
358
359
359
357
358
358
356
358
358
359
356
357
357
356
356
358
357
355
356
356
354
354
356
356
353
354
354
352
352
354
354
352
352
352
351
349
352
353
349
351
350
350
348
349
348
348
349
348
347
347
348
346
345
347
347
345
346
346
345
343
344
345
343
343
344
345
342
343
342
342
340
342
342
340
341
341
341
338
341
340
339
337
339
339
337
338
338
339
336
337
337
336
334
336
337
334
334
335
336
333
334
334
335
332
333
333
332
330
333
332
331
330
331
331
329
329
331
331
328
329
329
329
326
329
328
328
325
327
328
325
325
326
327
324
325
325
325
323
324
324
325
322
323
323
322
321
322
323
322
320
321
321
319
319
320
321
319
318
318
320
317
317
318
318
317
316
317
317
315
315
316
317
314
314
315
315
313
313
314
314
313
312
312
313
311
311
312
313
310
310
310
311
309
309
310
310
309
307
309
309
307
307
307
309
306
306
306
307
305
305
305
306
305
304
304
305
303
302
304
303
303
302
301
303
301
301
300
301
302
300
299
300
300
299
298
299
301
298
297
298
298
297
296
297
297
297
295
295
295
296
294
294
295
295
294
293
294
294
292
292
292
293
293
290
291
291
292
289
290
291
291
290
288
289
289
289
287
287
289
288
287
286
288
287
286
285
286
286
286
284
284
284
286
283
283
284
285
283
282
282
282
282
281
280
283
282
281
279
281
279
280
279
278
280
280
279
277
278
278
277
276
276
278
278
276
275
276
275
275
274
274
275
276
274
273
273
273
273
272
272
273
273
272
270
270
271
272
270
270
270
269
271
268
268
269
270
268
266
267
268
268
268
266
266
266
266
265
265
266
266
265
263
263
264
265
264
262
262
263
264
262
261
262
261
262
259
261
261
262
260
258
259
260
260
259
256
258
258
260
257
257
256
256
258
256
255
256
255
256
255
255
254
254
255
253
253
254
253
254
251
252
253
252
251
251
250
252
251
251
249
250
250
249
249
248
248
250
248
248
247
247
248
246
247
246
246
246
246
246
245
245
245
244
244
244
243
243
243
245
243
241
242
242
243
241
240
240
242
242
240
239
239
241
240
239
237
239
239
238
239
237
237
237
237
237
237
235
235
236
237
235
234
234
236
234
234
233
233
233
233
235
233
231
231
233
232
231
230
231
231
230
231
231
228
229
229
230
229
227
228
229
227
228
228
226
226
227
227
226
225
225
226
225
226
225
224
223
224
225
223
222
223
223
222
224
222
221
220
223
221
221
220
220
219
220
222
219
218
219
219
217
220
218
216
217
219
216
218
217
215
216
216
216
215
215
215
213
215
216
214
213
213
213
213
214
212
211
212
212
211
213
212
209
211
211
209
211
210
208
209
210
208
210
209
207
207
209
206
208
207
205
207
206
206
207
206
204
205
205
204
205
204
202
204
203
203
205
203
202
202
201
202
203
200
202
200
199
202
200
201
200
198
199
200
198
199
199
196
198
198
197
199
196
197
196
195
197
195
196
196
193
195
195
194
196
194
193
193
193
193
194
192
193
191
191
193
190
193
191
190
191
189
191
190
189
190
188
188
189
188
190
188
188
186
187
188
186
188
186
185
186
185
186
186
185
186
183
184
184
184
185
183
184
181
182
184
181
184
182
182
180
181
182
179
182
180
180
179
178
181
179
180
179
178
178
177
179
176
179
177
176
176
176
178
175
178
175
176
174
174
176
174
175
174
174
172
173
173
174
173
173
173
170
173
170
172
171
172
170
170
170
169
171
169
171
169
169
168
168
168
168
169
167
168
166
167
166
168
166
167
166
166
164
165
165
165
165
165
164
163
163
163
164
163
164
162
163
161
162
161
162
161
162
160
161
159
160
160
160
160
160
159
159
158
158
159
158
158
158
157
157
156
157
157
156
157
157
155
155
155
155
155
154
155
155
153
154
152
153
153
154
152
154
152
152
151
152
150
152
150
152
150
151
148
150
149
151
148
150
149
149
148
148
147
148
148
147
149
146
147
145
147
145
147
145
147
145
145
145
144
144
144
144
143
145
143
143
142
143
141
143
142
142
143
141
142
139
141
140
141
140
140
141
139
139
138
139
138
139
138
139
139
137
138
136
138
136
137
137
136
137
135
136
134
136
134
135
135
134
136
134
134
133
133
133
132
134
131
134
132
132
131
130
132
130
132
131
130
131
130
130
129
129
129
129
129
128
129
129
127
129
126
127
127
127
128
126
127
127
126
127
124
126
124
125
126
124
125
125
123
125
122
123
123
123
124
121
124
123
121
123
120
122
121
120
122
120
120
121
120
120
119
118
120
117
120
119
118
119
118
118
118
116
117
117
116
118
116
116
117
116
115
116
114
115
115
114
116
114
114
115
114
114
113
112
113
113
112
113
112
112
113
110
112
111
110
111
110
110
111
110
109
111
110
109
110
107
109
108
108
108
108
107
108
108
106
107
107
105
106
106
105
107
106
104
106
106
104
106
104
103
104
104
102
105
103
102
104
104
101
103
103
102
102
102
102
101
102
101
