102
102
101
103
104
102
105
105
105
107
107
107
109
109
109
110
109
110
112
111
112
115
112
115
116
115
117
116
117
118
118
119
121
119
122
121
122
123
121
124
124
124
126
125
127
128
127
129
127
130
130
130
132
131
134
132
134
133
134
135
135
137
136
138
138
139
139
139
141
140
143
141
143
143
144
143
144
145
145
147
146
149
148
149
148
150
149
152
151
153
152
154
152
154
153
156
155
157
157
158
157
159
158
162
159
163
161
162
161
163
163
165
164
167
165
167
166
168
169
169
170
170
171
169
172
171
173
172
175
175
173
176
176
178
176
179
178
178
179
179
181
180
183
182
181
184
183
185
185
185
187
184
186
187
187
190
188
190
188
190
192
191
192
192
191
193
193
194
195
195
196
195
196
198
197
199
198
197
199
200
199
202
201
201
203
202
203
205
204
203
205
204
206
206
207
207
207
208
209
210
209
209
209
210
211
212
212
212
213
213
214
216
214
213
215
216
216
218
217
217
218
219
219
220
220
218
219
222
222
222
221
223
223
223
226
224
223
224
226
226
226
227
227
227
228
230
229
227
229
231
230
231
230
232
232
232
234
233
232
233
235
235
235
234
236
237
237
237
237
237
237
238
240
239
239
240
240
243
241
240
240
243
242
243
246
245
244
244
245
246
247
246
246
248
249
248
248
248
249
250
249
251
249
252
252
252
252
251
253
253
253
254
254
254
256
256
256
254
255
257
258
257
257
257
259
260
259
258
259
259
262
261
261
261
262
263
261
262
264
263
264
263
264
266
266
265
264
265
266
268
267
267
268
268
269
267
268
270
270
271
269
270
271
273
271
271
272
272
273
273
272
275
275
275
273
274
275
276
276
275
278
278
277
276
277
278
279
278
279
280
281
280
279
280
280
282
281
281
282
284
282
282
283
284
284
283
284
285
287
284
284
286
287
287
286
288
287
288
287
287
288
290
289
289
290
291
291
289
290
291
292
290
293
292
294
291
292
294
294
294
294
295
296
295
293
296
295
297
295
297
297
299
296
297
298
299
298
299
300
301
299
299
300
300
302
300
302
302
302
300
302
302
304
303
303
304
305
303
303
305
306
305
305
307
307
305
305
307
308
308
307
308
310
307
308
309
309
310
309
310
312
310
309
311
312
311
311
313
313
312
312
312
314
313
314
314
315
314
314
314
316
315
316
316
317
316
315
317
318
317
317
319
319
317
317
319
320
319
319
321
321
319
320
321
322
320
322
323
322
321
322
323
324
322
324
325
323
323
324
325
324
325
325
327
324
325
326
327
326
327
328
328
326
327
328
329
327
330
329
329
327
329
330
329
330
330
332
329
330
331
332
331
332
332
333
330
332
333
332
333
333
334
332
333
333
335
334
335
335
336
333
335
335
335
335
337
336
335
336
336
338
336
338
338
337
336
337
338
338
338
339
339
338
338
340
339
339
340
340
339
338
340
341
340
342
341
342
339
341
342
341
341
342
343
341
342
343
343
342
343
344
342
342
343
345
343
345
345
344
342
344
345
344
345
346
346
344
346
345
346
345
346
347
345
346
346
348
346
347
348
346
345
348
348
349
348
348
346
348
348
349
349
350
349
347
349
349
349
350
350
351
348
350
350
350
349
351
352
349
351
351
351
350
352
352
350
351
352
352
352
352
353
351
351
353
353
352
354
353
351
352
353
354
354
354
354
352
352
354
355
354
355
355
353
353
354
356
354
356
356
354
353
355
356
355
357
356
355
354
355
357
356
357
357
357
354
356
357
356
358
358
356
355
357
358
357
358
358
358
356
357
358
358
359
359
358
356
358
358
359
359
360
358
357
358
360
359
360
360
359
357
359
361
359
361
361
359
357
360
361
360
362
360
360
358
361
362
360
362
361
360
359
362
362
361
362
361
362
362
361
362
362
362
364
361
365
361
363
364
362
362
364
365
362
363
363
365
365
362
363
364
363
366
365
364
362
364
365
364
366
365
364
362
365
366
365
366
365
364
364
365
366
365
366
366
364
365
366
366
365
366
367
365
366
366
365
366
367
367
365
366
367
365
367
368
367
365
366
367
367
368
368
366
365
367
368
367
369
367
366
367
368
368
367
368
368
367
367
369
368
367
368
370
367
368
368
367
369
370
369
366
368
369
369
370
369
368
367
369
370
369
370
370
367
369
370
370
369
369
371
368
370
370
369
369
371
371
368
370
370
370
371
371
370
368
370
372
370
371
371
369
370
371
372
370
370
373
369
372
371
370
371
372
373
369
371
371
371
373
372
371
369
372
373
372
372
372
371
371
373
372
371
372
374
371
372
372
371
373
374
373
370
372
373
372
375
373
371
371
374
373
373
372
374
372
373
374
372
373
373
375
372
372
374
373
375
374
373
371
374
375
373
374
374
373
373
375
373
373
375
375
373
374
374
373
375
376
374
371
375
375
374
375
375
373
374
376
374
374
375
376
374
374
375
374
376
376
375
372
375
376
375
376
375
374
375
376
375
374
376
377
374
375
376
374
377
376
376
373
376
376
376
376
376
375
375
377
375
375
377
378
374
376
376
375
378
377
375
374
377
377
376
377
376
376
376
377
376
376
377
378
375
376
376
377
378
377
376
375
377
378
376
377
378
375
378
377
376
377
378
378
375
376
378
377
378
378
376
376
378
378
376
377
379
376
378
377
376
379
379
377
375
378
378
378
378
378
376
378
378
377
377
379
379
376
378
378
377
379
379
377
376
379
378
378
378
379
377
378
379
377
378
379
380
376
377
379
379
379
378
377
378
379
379
377
379
380
377
379
378
378
380
379
378
377
379
379
379
379
379
378
378
380
377
379
380
380
377
378
379
379
381
379
377
378
380
379
379
379
380
378
379
379
378
381
380
379
376
380
381
379
379
380
378
379
380
378
380
380
381
377
378
381
379
381
380
378
379
380
379
379
380
382
378
379
379
379
382
380
379
378
380
381
379
379
381
379
380
380
379
380
381
381
377
380
380
381
380
380
379
380
381
379
380
380
382
378
380
380
380
382
380
379
379
381
381
379
380
382
379
380
382
381
379
378
380
381
379
380
379
379
378
378
379
378
378
377
375
377
373
375
374
372
375
374
374
370
373
372
372
370
370
372
371
370
371
370
369
369
370
369
367
370
370
366
368
368
366
368
368
367
365
365
367
365
366
367
364
363
364
365
364
365
364
362
362
363
364
362
363
362
360
361
362
361
361
360
361
359
359
360
360
359
359
359
357
358
358
359
356
357
358
356
355
357
357
355
356
355
354
354
355
355
354
354
355
352
352
353
354
352
353
352
351
350
351
352
351
351
351
349
348
350
350
349
350
349
349
346
348
348
346
348
348
347
345
347
346
345
345
346
346
344
344
345
345
343
344
345
342
341
343
343
342
343
343
342
339
341
341
340
340
341
341
338
340
339
340
338
339
339
337
336
338
338
337
337
337
337
335
336
336
335
335
335
335
334
333
334
335
333
334
334
333
332
332
332
332
331
332
332
330
329
331
331
330
330
330
331
327
329
329
329
328
328
329
326
326
327
327
326
326
327
327
324
325
325
326
324
325
325
325
322
324
323
324
322
323
324
321
321
321
322
321
321
321
321
320
318
320
320
319
319
320
320
317
317
318
319
317
317
318
318
315
316
316
316
315
316
316
315
314
314
314
315
313
314
314
314
312
312
312
313
311
312
313
311
310
310
311
311
309
310
310
310
309
308
309
309
308
307
309
309
306
306
307
307
307
305
307
307
304
304
306
306
304
304
305
305
303
302
304
303
303
302
303
303
302
300
301
301
302
300
301
300
301
298
299
299
300
299
298
299
300
297
297
298
297
298
296
297
297
296
295
295
295
296
294
295
295
296
293
292
295
294
293
292
294
293
292
290
292
291
291
291
292
289
289
290
290
290
288
289
289
289
286
287
288
288
288
287
287
287
287
284
286
285
286
285
285
285
286
284
283
284
283
284
282
283
283
284
281
281
282
282
282
280
281
281
281
279
280
280
280
279
279
279
278
279
278
277
278
278
277
277
276
277
277
275
276
276
275
276
274
275
275
275
274
273
274
273
273
273
272
273
274
272
270
271
271
272
270
271
271
272
270
268
268
269
270
269
269
269
269
268
266
267
268
268
267
266
266
266
267
266
264
266
264
265
264
265
265
265
263
262
262
264
264
263
261
262
262
263
261
261
261
260
261
260
260
261
260
260
258
257
259
260
258
257
258
258
259
257
256
256
256
257
257
255
256
255
256
255
254
254
254
254
254
254
254
253
253
252
252
253
251
252
251
252
252
251
251
249
250
251
249
250
249
249
250
249
248
248
248
248
248
246
247
247
246
246
245
246
244
246
245
245
244
244
246
244
242
242
243
242
242
243
243
241
240
240
242
241
240
240
240
241
239
240
239
238
238
238
239
239
237
237
238
239
237
235
235
237
237
235
235
236
236
235
235
235
233
233
233
236
233
232
233
234
233
232
231
231
232
231
232
231
230
230
231
232
230
228
229
230
228
229
229
228
228
228
230
227
225
227
227
226
227
226
226
225
226
227
224
224
224
225
223
225
224
223
223
224
224
222
221
222
222
221
223
222
220
220
222
221
220
220
219
218
220
220
218
219
218
219
217
220
217
216
217
217
216
217
217
215
215
218
215
215
216
213
214
215
214
214
214
213
213
213
214
213
211
212
211
211
213
211
210
212
210
210
212
210
208
209
210
208
210
209
207
209
208
208
209
207
206
207
206
206
208
205
205
207
205
205
207
204
203
204
204
203
205
203
203
203
202
204
203
202
202
200
201
202
201
201
201
200
200
201
199
201
200
197
199
198
198
200
198
197
198
196
199
197
197
197
194
196
197
194
197
195
194
195
195
194
196
193
194
192
193
194
192
194
193
191
192
192
192
193
190
191
190
189
192
189
191
190
188
190
188
190
189
188
189
186
187
188
186
189
186
187
186
186
187
186
186
186
183
185
184
185
185
184
185
182
184
183
184
184
182
183
180
182
182
180
183
181
181
180
180
181
180
181
179
180
177
179
179
178
179
178
178
177
177
179
176
179
176
177
174
176
176
175
177
175
175
174
175
174
175
174
174
174
171
174
171
174
172
173
172
171
171
171
173
170
172
170
170
169
169
170
169
170
169
170
167
169
168
169
168
168
168
166
166
166
168
165
168
165
167
164
165
165
166
164
163
164
163
163
163
163
161
163
161
161
159
161
159
161
159
159
158
157
156
156
156
155
155
154
156
154
154
153
154
152
155
152
153
152
152
151
152
149
151
149
151
149
151
150
149
149
149
149
149
149
148
149
147
148
146
148
145
148
146
147
146
147
145
145
145
146
146
144
146
143
145
142
144
142
145
142
143
144
142
142
142
142
141
143
140
143
141
140
141
139
140
139
141
138
141
139
139
139
138
139
137
140
137
139
137
137
137
136
137
135
137
135
137
136
135
136
134
135
134
135
134
134
135
133
134
132
133
132
133
133
131
133
132
132
131
131
131
130
132
131
130
131
129
131
128
129
129
129
130
127
129
129
128
128
127
128
127
127
128
126
128
126
126
126
124
126
124
126
125
124
126
124
125
124
122
124
123
124
124
122
124
122
122
122
121
121
121
121
122
120
121
122
120
120
120
119
120
119
119
120
118
119
118
116
118
117
118
118
116
117
118
116
117
115
116
116
115
116
116
114
116
115
114
115
113
113
114
113
113
114
112
114
113
112
112
112
111
112
111
112
112
109
112
111
110
110
110
109
109
109
109
110
108
109
109
108
109
108
107
107
108
107
107
108
106
107
108
105
107
106
104
106
105
104
106
105
104
105
105
104
104
104
103
103
104
102
104
103
102
103
103
101
102
102
101
101
101
101
101
