402
403
405
404
406
403
406
409
405
407
408
408
407
411
410
410
411
411
412
413
414
413
415
414
416
417
416
418
418
419
419
419
419
421
421
422
422
425
424
423
427
425
425
430
426
429
432
428
432
434
430
436
434
434
439
433
436
438
436
439
439
441
441
442
442
441
446
445
446
447
445
449
447
451
451
451
452
455
452
456
458
454
460
459
461
462
461
462
466
465
467
469
468
471
470
473
475
472
478
476
479
479
481
480
486
482
488
484
487
491
488
493
491
493
495
494
498
495
498
500
497
502
499
503
503
502
507
504
505
508
506
511
507
510
511
510
514
512
513
516
513
516
515
517
517
519
519
517
523
519
521
524
521
523
524
524
525
527
527
525
530
527
529
529
531
531
530
534
532
534
536
535
535
536
539
537
538
540
539
540
538
544
540
541
544
543
544
541
546
544
545
544
549
549
546
551
548
550
550
550
550
552
552
550
554
552
554
552
553
555
556
555
553
560
555
558
557
557
560
560
559
558
563
558
564
560
561
566
565
565
563
566
562
570
565
567
570
567
570
569
568
569
570
568
573
571
572
571
572
571
575
574
573
577
572
576
574
576
575
578
576
577
580
577
581
579
581
577
583
581
586
580
585
584
587
586
584
587
587
586
588
589
589
591
588
593
590
592
590
594
591
592
594
591
595
595
594
595
597
597
596
595
600
597
602
595
602
599
605
599
604
601
604
601
605
603
604
603
606
606
604
607
606
607
605
611
609
609
607
612
607
610
607
613
608
612
610
614
610
614
612
614
612
617
614
615
615
617
616
616
616
618
616
618
619
618
618
621
620
622
618
621
620
624
619
623
623
623
621
625
623
623
625
624
625
623
626
625
625
626
627
626
627
628
626
627
626
630
629
631
630
633
628
633
631
632
634
635
633
636
635
637
635
638
635
639
637
642
637
642
637
641
639
642
642
642
641
644
642
644
646
645
644
647
647
644
647
644
650
645
650
648
649
650
649
651
651
650
651
654
653
653
653
655
655
655
655
655
654
659
654
660
656
658
657
659
658
658
659
659
661
658
663
660
661
660
664
661
662
662
664
663
662
663
665
666
663
667
666
669
665
669
666
671
668
670
668
671
670
671
670
676
673
673
674
672
676
674
675
676
676
680
679
680
677
679
678
681
684
682
680
681
684
684
685
681
686
683
690
684
686
690
688
689
687
691
691
691
689
690
690
693
695
691
694
693
698
695
694
696
698
698
699
699
699
702
702
702
701
699
704
704
704
703
705
706
705
708
704
710
712
709
714
708
713
709
716
714
714
716
712
717
714
718
720
719
721
721
723
721
723
726
721
725
724
724
726
727
730
727
733
730
731
735
732
737
736
736
739
739
742
741
742
742
745
747
746
748
749
750
752
752
755
754
756
760
759
760
764
763
765
766
766
770
769
775
771
774
779
777
778
784
781
788
790
793
793
797
796
803
800
802
809
805
812
815
812
821
822
821
824
830
829
835
840
843
844
847
852
850
855
862
866
862
866
871
873
874
876
878
880
882
883
884
884
886
891
889
893
896
896
899
902
905
904
906
908
912
913
916
921
918
923
925
930
931
934
935
941
939
946
951
953
957
959
960
963
973
973
976
978
981
978
982
986
987
991
990
992
1000
1001
1001
1004
1006
1010
1011
1016
1015
1018
1022
1024
1031
1031
1031
1038
1036
1043
1043
1046
1046
1049
1055
1055
1062
1061
1061
1068
1064
1072
1066
1074
1072
1073
1081
1078
1088
1086
1093
1091
1093
1099
1099
1106
1105
1110
1115
1119
1119
1118
1123
1127
1130
1129
1135
1135
1142
1142
1146
1150
1149
1154
1152
1165
1157
1164
1166
1169
1172
1177
1172
1180
1179
1181
1183
1182
1184
1183
1181
1179
1184
1182
1190
1187
1191
1186
1191
1185
1192
1195
1192
1191
1192
1193
1194
1196
1195
1201
1196
1201
1194
1198
1195
1197
1197
1198
1199
1201
1196
1199
1198
1198
1198
1194
1199
1198
1202
1198
1201
1201
1203
1200
1202
1199
1203
1198
1197
1196
1194
1194
1195
1195
1191
1195
1188
1190
1185
1187
1183
1185
1183
1180
1185
1178
1182
1179
1181
1175
1178
1174
1174
1177
1170
1174
1171
1173
1168
1171
1166
1167
1167
1163
1166
1163
1167
1161
1165
1161
1164
1159
1160
1158
1161
1159
1155
1158
1155
1157
1153
1157
1151
1153
1151
1150
1153
1148
1152
1146
1149
1146
1146
1147
1146
1144
1141
1146
1141
1140
1140
1140
1140
1138
1141
1137
1141
1137
1139
1134
1137
1134
1135
1135
1131
1136
1130
1135
1131
1132
1130
1131
1128
1130
1128
1129
1130
1125
1131
1124
1127
1125
1123
1126
1122
1124
1123
1121
1118
1121
1119
1117
1120
1116
1117
1115
1116
1115
1113
1118
1109
1115
1108
1112
1111
1107
1113
1106
1112
1107
1109
1107
1104
1108
1101
1105
1101
1102
1103
1100
1103
1099
1101
1099
1099
1099
1097
1098
1096
1101
1093
1098
1093
1095
1095
1092
1097
1091
1090
1093
1089
1093
1086
1091
1085
1088
1087
1085
1086
1084
1083
1085
1081
1084
1080
1080
1081
1078
1082
1075
1077
1078
1074
1078
1073
1076
1073
1070
1076
1069
1072
1070
1069
1072
1067
1066
1068
1064
1070
1063
1065
1064
1062
1066
1061
1066
1060
1061
1063
1058
1062
1057
1058
1057
1057
1058
1053
1056
1055
1052
1054
1053
1049
1054
1050
1049
1049
1048
1051
1046
1050
1044
1046
1050
1043
1048
1045
1042
1045
1042
1045
1044
1037
1039
1040
1035
1041
1034
1035
1037
1034
1038
1031
1034
1033
1032
1035
1029
1033
1032
1027
1034
1028
1030
1027
1029
1029
1026
1030
1025
1026
1028
1021
1024
1025
1020
1025
1021
1023
1023
1018
1022
1016
1020
1016
1016
1014
1019
1012
1013
1015
1012
1016
1013
1008
1007
1012
1006
1009
1007
1004
1009
1005
1003
1007
1002
1006
1000
998
999
1003
998
1001
996
996
1001
996
998
995
995
996
992
993
996
991
994
991
990
987
992
986
987
990
984
984
984
984
983
979
983
982
978
977
976
977
974
979
971
972
976
974
970
969
969
968
967
967
967
962
964
967
962
962
967
958
956
956
955
954
953
956
952
953
947
947
952
947
943
942
944
945
941
940
938
943
936
938
941
939
932
934
938
932
933
936
930
930
935
928
931
930
929
929
932
923
927
929
925
924
924
926
922
922
920
924
918
919
918
917
917
920
919
914
915
916
911
913
912
914
909
910
911
911
904
906
906
908
901
906
900
902
902
900
902
898
897
898
902
895
897
897
895
897
897
892
894
897
897
889
892
892
889
891
892
892
885
888
886
888
885
886
885
883
885
882
884
886
880
878
881
880
879
878
880
873
874
879
873
870
873
877
870
872
870
870
869
869
870
871
865
865
862
865
867
862
863
865
862
861
859
860
859
858
859
857
860
854
855
854
854
857
856
847
851
848
848
850
848
847
848
846
845
844
845
845
843
843
845
841
842
843
841
841
840
840
840
838
838
837
836
834
834
834
834
832
831
833
832
831
829
830
829
828
826
827
826
825
824
824
821
822
821
820
819
818
816
820
816
816
820
814
816
819
812
815
814
816
811
812
815
815
808
810
810
810
807
809
807
805
807
803
802
803
805
799
799
799
803
800
798
798
797
796
794
790
794
796
791
789
792
792
790
791
789
791
784
787
782
785
784
781
784
784
779
778
777
777
777
778
774
773
772
772
773
773
774
770
764
761
763
760
759
756
755
756
754
754
757
753
753
755
754
747
750
748
744
748
748
747
742
743
744
744
741
740
739
740
739
741
735
739
737
737
739
733
735
734
735
730
732
730
729
728
731
729
728
724
727
726
728
724
723
722
723
719
720
722
716
717
719
714
714
709
716
709
710
710
707
712
706
708
708
706
706
703
701
704
700
701
699
701
698
697
696
693
697
696
691
692
691
692
690
687
692
686
687
690
686
687
686
687
683
685
687
681
683
683
682
683
678
680
676
678
