402
405
403
402
406
407
403
409
409
406
410
411
408
411
413
412
413
415
412
414
418
414
416
420
416
419
420
420
420
423
421
423
425
422
424
428
424
429
429
426
432
429
430
435
432
432
437
432
437
437
436
439
439
439
440
442
440
441
446
442
446
445
444
449
444
450
450
449
450
454
450
454
455
453
459
456
459
461
459
461
464
462
466
467
467
470
469
472
472
471
475
474
477
479
478
479
483
480
487
482
485
488
486
491
489
491
492
493
495
495
497
498
496
500
500
501
503
502
504
504
504
507
506
509
507
509
510
509
513
511
513
515
512
517
514
516
518
518
519
519
520
521
522
524
521
526
524
524
528
526
529
526
531
528
531
532
531
534
533
534
536
536
538
536
539
539
542
540
542
543
544
545
544
549
545
548
549
550
553
549
554
552
554
556
555
558
558
557
558
561
560
565
559
563
563
564
568
565
567
565
569
569
571
568
571
571
575
574
572
576
573
577
575
579
576
579
577
580
580
584
583
581
582
583
585
583
588
586
590
586
588
588
589
590
590
593
589
593
591
594
589
596
593
598
593
601
596
599
596
602
599
601
599
602
602
601
605
603
605
603
607
604
606
605
607
606
609
606
611
608
610
607
613
613
613
610
617
610
615
611
618
613
617
613
620
612
619
617
621
617
622
619
622
619
624
621
622
623
624
624
623
626
627
626
625
628
629
629
629
629
633
630
631
632
635
632
634
633
636
634
636
634
639
636
639
637
641
638
639
639
644
639
641
640
644
639
645
642
645
642
647
643
646
643
650
645
647
648
648
650
648
651
647
652
649
653
646
654
650
655
648
655
652
657
651
655
654
657
654
656
657
655
656
656
660
656
659
656
663
658
662
659
664
659
664
661
662
663
662
664
662
667
664
666
663
668
666
669
666
669
667
671
668
670
670
669
673
670
672
670
676
673
676
674
674
673
677
678
676
678
675
681
676
679
681
682
681
681
681
682
682
680
686
682
685
684
687
685
685
688
687
687
690
686
691
688
691
691
691
694
691
697
692
697
695
693
697
697
699
696
699
696
701
701
701
700
702
704
701
706
707
707
704
707
710
706
710
708
712
709
709
714
712
714
714
718
714
716
718
717
718
716
720
717
720
722
719
723
721
723
720
723
725
720
726
724
726
726
727
730
727
732
728
731
733
729
735
732
733
735
735
737
738
739
738
741
743
740
745
743
746
748
744
752
748
752
756
750
758
755
758
760
757
763
760
764
767
765
768
771
769
774
773
774
777
777
783
779
782
787
783
787
793
789
794
798
794
802
801
804
805
807
809
811
817
816
820
822
823
826
830
831
833
839
840
840
845
846
849
856
854
856
861
864
867
869
870
876
880
877
881
887
884
891
897
892
899
903
902
909
909
911
922
918
920
927
926
929
932
937
941
938
945
950
947
951
954
958
965
959
965
971
972
977
977
984
986
987
991
994
997
1001
1002
1003
1006
1009
1014
1011
1016
1020
1025
1025
1027
1032
1029
1038
1038
1044
1048
1044
1054
1050
1059
1058
1060
1065
1061
1070
1070
1075
1078
1078
1086
1080
1095
1088
1097
1098
1101
1107
1103
1113
1111
1122
1115
1124
1123
1125
1131
1127
1140
1134
1148
1142
1149
1148
1152
1157
1157
1164
1161
1169
1166
1174
1170
1181
1176
1182
1180
1186
1184
1194
1191
1191
1192
1192
1192
1191
1199
1196
1198
1198
1204
1200
1199
1199
1198
1201
1202
1202
1204
1200
1202
1202
1202
1203
1203
1212
1208
1209
1210
1209
1208
1206
1206
1205
1205
1206
1206
1215
1207
1212
1209
1210
1208
1209
1209
1210
1208
1213
1212
1212
1215
1212
1214
1214
1211
1212
1209
1211
1209
1211
1209
1210
1208
1211
1208
1206
1207
1206
1206
1205
1203
1204
1203
1203
1204
1201
1202
1199
1200
1200
1201
1199
1198
1197
1197
1197
1197
1196
1196
1192
1195
1193
1192
1192
1192
1190
1191
1191
1190
1189
1188
1187
1188
1188
1185
1186
1185
1185
1184
1185
1184
1182
1183
1182
1179
1181
1179
1180
1180
1177
1178
1177
1179
1175
1176
1176
1176
1174
1175
1174
1173
1171
1172
1171
1171
1170
1169
1171
1168
1169
1168
1169
1168
1168
1167
1167
1163
1165
1164
1165
1162
1163
1164
1161
1161
1161
1161
1160
1159
1160
1159
1157
1158
1157
1155
1158
1156
1157
1153
1156
1153
1153
1155
1152
1151
1152
1150
1150
1149
1151
1150
1148
1151
1146
1147
1148
1144
1148
1145
1144
1144
1145
1143
1144
1145
1143
1141
1143
1139
1140
1141
1137
1140
1138
1138
1138
1137
1137
1138
1134
1135
1135
1133
1135
1133
1135
1132
1132
1131
1131
1131
1131
1129
1129
1129
1129
1130
1127
1129
1125
1126
1126
1124
1125
1124
1125
1123
1124
1122
1124
1120
1122
1120
1120
1121
1119
1122
1117
1119
1117
1116
1119
1115
1116
1115
1116
1116
1114
1114
1113
1113
1112
1114
1110
1114
1110
1110
1111
1109
1110
1107
1108
1107
1110
1107
1107
1105
1105
1105
1104
1106
1104
1106
1101
1103
1101
1101
1101
1100
1100
1101
1101
1098
1099
1096
1098
1096
1098
1098
1095
1096
1094
1093
1095
1092
1094
1093
1094
1091
1093
1089
1091
1089
1090
1091
1089
1089
1086
1087
1088
1085
1087
1086
1087
1086
1083
1084
1083
1084
1082
1086
1080
1082
1080
1080
1082
1078
1081
1079
1079
1077
1078
1076
1077
1078
1075
1078
1072
1076
1074
1073
1076
1072
1073
1071
1072
1070
1071
1072
1070
1071
1066
1070
1067
1068
1070
1066
1068
1064
1065
1065
1065
1066
1063
1065
1063
1062
1063
1061
1065
1059
1061
1060
1058
1061
1059
1061
1057
1056
1058
1056
1057
1057
1057
1053
1056
1052
1054
1056
1052
1054
1051
1050
1053
1050
1053
1049
1049
1051
1047
1049
1049
1049
1045
1048
1045
1046
1049
1043
1045
1044
1041
1046
1043
1043
1041
1042
1040
1041
1044
1039
1040
1039
1037
1040
1038
1039
1035
1037
1036
1035
1039
1034
1034
1034
1034
1035
1033
1035
1029
1032
1032
1030
1034
1028
1030
1028
1029
1031
1026
1028
1028
1025
1027
1027
1028
1022
1025
1026
1023
1026
1020
1024
1022
1021
1024
1020
1020
1020
1019
1022
1020
1019
1019
1016
1020
1016
1018
1015
1014
1018
1015
1016
1011
1014
1015
1013
1014
1010
1013
1011
1010
1013
1009
1010
1009
1008
1012
1006
1007
1007
1006
1011
1005
1004
1005
1004
1008
1004
1003
1002
1003
1006
1000
1001
1001
1000
1004
998
998
1000
998
1001
997
997
997
996
1000
995
995
994
995
999
992
993
993
991
996
990
992
990
990
993
989
990
988
989
991
985
988
988
986
989
983
985
987
984
986
983
982
985
982
983
982
980
984
979
981
980
980
982
977
978
978
976
981
974
976
977
976
978
972
974
975
973
975
971
973
975
970
971
970
971
973
967
969
971
967
970
967
966
968
966
967
964
967
968
962
965
964
963
966
960
961
964
961
961
960
960
963
957
961
959
958
962
954
956
960
955
956
955
954
959
951
955
955
952
955
951
951
955
949
952
951
950
953
946
949
951
946
949
947
946
950
943
946
948
944
946
944
944
947
940
944
943
942
944
939
941
944
937
941
941
938
940
937
937
942
934
938
937
936
937
933
935
938
931
935
934
932
935
931
931
935
928
931
931
929
931
927
929
932
925
928
929
927
927
925
927
928
922
925
927
922
925
923
922
925
919
922
924
918
923
920
920
921
917
920
921
914
919
920
915
917
916
916
916
913
915
917
911
914
915
913
913
911
913
913
908
911
913
906
911
912
907
910
907
908
909
904
907
909
903
906
906
905
905
903
904
905
899
903
905
899
902
904
898
901
899
900
900
896
901
900
895
898
899
893
897
899
895
896
894
894
895
891
895
895
890
893
893
890
891
891
891
891
888
891
890
886
890
891
884
888
888
884
886
888
885
885
883
885
884
882
886
884
879
884
884
879
882
882
878
880
882
878
878
878
879
878
876
879
876
874
878
877
873
875
877
872
876
875
871
872
874
872
872
871
872
870
870
870
869
869
870
869
866
869
869
866
866
868
864
866
868
862
864
867
863
863
864
863
862
861
863
861
860
862
860
859
862
859
856
861
860
855
858
860
854
856
858
854
855
856
854
854
855
852
854
855
852
851
853
852
850
851
853
848
849
851
849
848
850
848
847
848
846
847
847
845
845
847
843
845
846
843
842
846
841
841
845
841
840
843
841
838
842
840
837
840
839
837
838
840
835
837
839
833
837
839
832
835
837
832
834
836
830
833
834
830
832
833
829
831
832
828
830
831
827
830
830
825
829
829
824
829
826
824
828
824
824
827
823
823
826
821
824
824
820
822
823
820
821
821
820
820
820
819
818
819
818
817
819
816
816
818
814
817
815
814
816
813
814
815
811
814
