402
403
403
406
404
406
405
408
409
410
409
413
412
410
415
414
414
416
417
417
419
417
418
421
421
421
423
422
425
425
426
425
428
429
428
429
433
429
434
434
433
435
438
434
441
437
438
442
440
443
444
442
444
445
447
447
450
447
452
451
450
455
452
455
456
457
457
459
458
461
461
462
467
462
466
467
467
470
471
469
475
471
475
476
475
479
479
482
481
481
483
487
483
489
486
488
491
489
494
489
494
492
493
496
494
498
497
497
501
497
501
500
502
503
502
504
505
503
507
503
507
510
504
512
506
510
511
512
514
512
513
516
513
518
515
516
518
520
519
517
524
517
523
524
521
525
523
526
524
527
526
528
530
527
531
532
531
533
531
538
530
537
537
537
536
537
542
537
537
542
544
542
540
545
547
544
544
547
549
545
551
548
552
547
551
552
551
557
551
556
554
558
554
557
558
560
558
558
562
561
561
561
562
563
563
566
561
566
562
567
567
566
565
568
566
570
569
566
572
570
573
570
572
570
575
574
573
578
573
576
574
577
575
580
577
579
577
581
580
581
580
581
581
579
584
581
585
581
583
583
584
585
584
589
586
588
585
592
586
590
587
592
593
593
589
593
592
594
593
594
592
595
597
596
596
596
597
597
601
594
601
598
604
598
603
599
604
601
601
601
605
604
605
604
607
604
610
608
610
608
613
610
612
610
612
613
611
613
613
615
615
614
614
617
615
616
619
619
617
619
621
621
619
622
621
623
620
626
621
625
620
627
623
627
622
628
624
628
623
629
625
629
625
632
626
631
627
632
627
633
629
633
629
634
631
633
632
634
632
633
635
634
634
636
635
635
634
638
634
637
636
638
635
637
639
636
638
638
639
638641
638
639
638
643
639
639
642
641
641
642
641
643
641
645
640
647
640
647
640
646
643
646
644
647
645
645
648
646
646
646
648
647
648
650
648
649
649
651
650
649
653
649
652
649
654
650
654
652
656
651
656
654
656
654
654
654
656
656
657
660
656
659
656
661
655
662
658
661
660
662
659
662
660
661
662
660
663
661
665
661
666
662
667
662
667
665
668
665
667
666
668
666
667
671
668
669
666
673
668
672
668
671
672
671
670
673
675
673
674
672
678
673
676
675
678
675
675
680
677
679
678
682
678
682
680
684
681
682
681
683
686
683
686
682
690
684
689
686
688
688
688
689
688
694
690
695
691
693
693
692
696
693
697
692
698
694
696
698
698
700
695
700
697
703
700
700
702
702
706
701
706
703
705
705
706
709
704
709
707
711
709
711
711
709
712
714
716
713
715
714
715
718
718
722
717
721
721
719
723
723
723
721
724
729
723
729
727
726
728
728
731
727
733
732
733
736
735
740
736
739
741
739
742
743
742
744
744
747
745
748
749
749
753
754
753
754
758
760
757
760
763
760
766
765
766
770
768
774
769
775
777
775
778
783
777
785
785
786
787
791
790
793
794
798
795
800
805
801
809
810
808
813
817
815
819
826
821
829
834
829
832
841
836
839
849
843
848
855
850
857
861
857
864
867
865
871
874
875
878
878
881
887
885
888
893
890
893
897
894
900
903
901
907
909
910
915
916
920
927
921
929
934
930
938
936
940
948
943
948
955
955
957
959
961
970
968
971
973
975
983
978
984
985
991
988
988
993
997
997
1001
999
1005
1003
1008
1008
1006
1011
1013
1015
1023
1018
1027
1027
1028
1032
1030
1038
1034
1043
1046
1042
1051
1049
1051
1055
1054
1060
1058
1064
1063
1068
1072
1072
1078
1075
1082
1081
1086
1088
1090
1096
1092
1104
1098
1108
1105
1111
1115
1115
1120
1119
1127
1123
1131
1128
1136
1135
1136
1145
1142
1149
1149
1155
1149
1160
1158
1160
1163
1170
1169
1171
1177
1178
1178
1176
1176
1176
1174
1174
1178
1175
1183
1178
1182
1184
1183
1184
1186
1190
1189
1189
1188
1187
1187
1185
1185
1187
1185
1193
1190
1193
1189
1189
1192
1189
1195
1193
1193
1194
1193
1193
1192
1192
1197
1192
1196
1195
1193
1193
1192
1194
1192
1190
1191
1189
1191
1193
1190
1191
1190
1193
1191
1194
1194
1196
1193
1194
1194
1192
1194
1191
1191
1195
1189
1194
1193
1191
1193
1192
1191
1192
1189
1192
1189
1188
1190
1187
1188
1186
611
608
609
608
610
606
609
607
609
605
608
606
608
604
607
604
607
603
604
604
604
603
603
603
603
605
601
602
602
602
600
600
600
602
598
601
598
601
597
600
596
600
596
597
596
598
596
595
596
596
596
594
595
594
595
592
594
592
595
591
594
590
594
590
591
590
591
590
590
590
590
590
587
589
587
590
585
590
586
589
585
586
585
586
586
585
585
585
585
582
584
582
585
582
583
581
584
580
581
581
582
581
580
580
578
581
577
581
577
580
576
578
578
578
576
576
575
577
573
577
574
576
573
574
573
576
574
572
572
571
574
570
573
570
571
570
570
571
570
572
567
569
568
571
566
568
566
568
569
565
567
566
567
564
567
563
565
565
564
565
563
564
560
564
562
564
561
560
562
563
562
558
561
559
562
558
558
558
560
559
557
557
557
560
555
556
555
558
556
554
555
554
558
552
554
553
554
555
551
553
551
555
550
551
551
552
552
548
551
549
552
547
549
550
549
549
545
550
546
548
546
547
546
545
547
545
546
543
545
546
543
543
542
546
542
542
542
544
542
539
542
541
541
540
540
541
538
541
538
539
537
539
540
535
538
537
539
534
536
538
535
537
534
536
533
535
535
532
534
533
534
532
532
534
530
533
531
530
530
532
532
527
531
528
530
529
529
528
527
531
525
527
528
525
528
525
527
524
526
527
522
525
524
524
525
523
523
521
525
521
521
524
519
524
520
520
520
522
519
518
521
518
519
521
515
519
517
517
519
516
517
515
518
514
516
516
513517
514
513
514
511
512
509
513
510
509
512508
511511
506
511
506
509
510
505
509
506
507
508
505
506
506
505
507
504
505
503
505
504
504
504
502
504
503
502
502
501
502
501
501
501
499
502
499
500
499
498
500
499
498
498
497
498
497
497
496
497
497
496
494
495
495
495
496
493
495
492
494
495
491
494
491
492
495
488
493
489
492
492
488
491
489
491
490
486
489
488
489
489
487
486
488
486
488
485
486
487
483
489
483
485
484
483
485
484
482
484
482
483
484
479
483
481
481
483
479
482
478
481
480
479
478
481
476
482
475
478
478
477
478
478
475
477
475
476
476
474
476
473
476
475
472
473
474
472
475
472
472
472
471
471
473
469
472
469
472
470
468
469
470
467
472
467
468
468
466
468
468
465
468
465
467
466
465
464
466
463
468
462
464
463
463
463
465
460
464
461
462
462
460
461
462
459
462
461
458
461
457
460
461
457
457
459
456
459
458
455
458
455
457
456
455
454
457
452
458
452
454
455
452
455
454
451
452
453
450
453
452
449
453
449
452
449
450
449
450
448
450
449
446
450
446
448
449
445
447
446
446
446
448
443
445
446
443
447
443
443
445
442
444
444
440
443
442
441
442
444
438
441
441
439
442
439
439
440
438
440
439
437
437
438
437
436
439
434
436
438
433
438
436
432
437
433
434
436
432
434
433
432
434
433
431
432
431
431
431
433
429
430
431
428
430
432
427
430
429
426
430
428
426
429
426
426
429
424
426
427
423
426
427
423
425
424
423
425
424
422
424
422
422
423
422
421
421
421
421
421
421
419
420
419
419
420
420
417
418
418
418
417
419
416
416
416
417
416
417
414
415
415
415
414
416
413
413
413
413
414
413
412
412
412
411
412
411
410
412
410
409
411
411
407
410
409
407
409
411
406
407
409
406
406
409
407
403
408
405
404
407
406
402
405
405
402
404
406
402
403
402
402
403
402
8788
