402
405
402
403
405
406
407
405
406
408
412
409
410
412
410
410
413
415
413
414
413
415
416
418
418
418
421
420
420
421
422
421
426
422
426
427
426
427
429
427
431
431
428
433
432
430
436
432
434
439
433
438
439
437
441
440
440
442
444
442
444
446
444
449
447
448
450
447
453
451
452
453
456
452
459
457
457
461
459
462
462
462
464
467
467
470
470
472
473
475
473
479
475
480
482
480
482
485
486
486
486
488
491
488
494
492
492
496
495
499
496
498
502
498
504
502
503
507
504
508
506
507
511
508
511
510
511
512
514
514
513
515
514
516
518
515
521
517
519
523
520
522
521
524
522
523
526
523
527
525
526
528
529
528
528
531
531
530
534
531
535
533
537
534
536
538
538
538
539
542
538
541
543
541
543
542
546
545
545
546
547
549
547
548
549
552
550
551
556
551
556
552
558
552
556
554
555
557
558
558
556
560
560
560
559
560
562
562
562
560
565
559
566
561
562
566
564
568
565
565
564
569
566
567
568
566
571
569
569
568
570
569
572
572
572
571
572
571
574
575
573
577
571
576
574
577
575
577
577
578
580
579
580
579
578
580
582
579
585
578
584
582
585
582
585
586
588
588
584
587
586
589
585
591
589
591
589
590
591
591
590
594
593
593
594
594
595
594
594
596
596
594
599
598
600
596
599
599
601
601
601
601
600
603
603
603
604
604
604
604
603
605
604
604
608
607
605
609
608
610
607
612
609
611
608
614
609
613
611
615
609
615
612
616
611
616
615
615
617
616
616
616
618
616
619
617
621
617
619
620
620
621
620
622
619
621
622
623
620
621
623
623
621
624
626
623
624
624
625
626
626
626
626
625
629
625
628
627
630
630
629
630
630
631
628
632
633
631
631
633
632
632
634
634
634
633
636
635
636
637
636
638
636
640
635
639
637
641
637
642
638
640
639
644
642
642
641
644
642
644
643
644
644
644
644
646
646
644
647
648
646
647
649
648
650
651
651
649
650
652
653
650
655
650
654
651
657
653
657
654
654
655
658
657
656
657
657
660
656
660
657
663
659
665
659
663
663
666
662
664
665
664
664
664
665
665
666
665
671
666
669
667
669
668
668
667
671
673
671
673
671
674
671
674
674
674
673
674
677
679
679
675
680
677
681
678
681
678
682
685
683
685
683
687
686
687
692
683
689
686
691
687
690
693
691
693
689
694
693
695
696
694
698
695
701
699
700
706
703
703
703
705
708
703
709
706
707
709
709
711
708
711
710
714
717
712
719
716
719
721
720
722
724
720
725
727
729
732
738
740
738
743
743
741
744
745
747
746
750
753
752
753
756
756
757
759
760
761
761
766
766
764
772
768
772
772
774
776
777
778
780
780
786
784
786
789
788
790
797
793
799
799
801
806
806
808
811
813
814
819
822
821
826
827
830
832
835
836
840
841
843
846
850
850
853
855
857
859
860
865
869
871
874
872
875
880
878
882
889
886
891
894
895
900
901
905
906
908
909
914
917
921
918
921
923
923
931
933
930
933
938
939
941
943
949
948
951
955
959
960
960
966
969
972
972
976
979
981
982
982
989
994
994
995
999
1000
1008
1008
1006
1012
1011
1018
1018
1018
1023
1024
1029
1030
1035
1040
1041
1048
1047
1048
1051
1055
1059
1057
1065
1063
1063
1072
1066
1074
1076
1084
1080
1082
1086
1085
1092
1094
1099
1100
1102
1105
1108
1114
1112
1118
1118
1122
1124
1124
1129
1132
1133
1135
1140
1141
1143
1145
1149
1149
1155
1158
1156
1161
1160
1168
1165
1167
1168
1173
1173
1176
1176
1179
1179
1182
1184
1184
1180
1179
1180
1182
1184
1183
1184
1182
1185
1180
1187
1182
1185
1186
1186
1187
1188
1187
1186
1187
1188
1190
1191
1191
1187
1189
1189
1191
1184
1187
1185
1189
1186
1184
1183
1184
1183
1182
1181
1182
1181
1179
1181
1177
1182
1177
1178
1177
1178
1177
1177
1174
1175
1172
1173
1171
1173
1171
1170
1172
1169
1172
1167
1170
1167
1169
1165
1165
1165
1164
1164
1161
1164
1161
1164
1159
1160
1159
1159
1157
1157
1155
1155
1156
1153
1153
1152
1153
1150
1150
1148
1149
1152
1146
1150
1148
1147
1145
1145
1144
1144
1146
1143
1144
1142
1143
1141
1144
1139
1142
1138
1140
1140
1137
1139
1136
1138
1135
1138
1133
1133
1135
1131
1133
1132
1133
1130
1133
1128
1130
1127
1129
1128
1126
1129
1125
1129
1125
1124
1124
1123
1123
1122
1124
1122
1122
1119
1120
1120
1119
1118
1118
1119
1116
1120
1113
1118
1113
1114
1116
1111
1115
1111
1112
1110
1108
1112
1107
1109
1107
1103
1106
1103
1105
1101
1103
1103
1100
1102
1099
1098
1099
1095
1099
1096
1097
1094
1095
1094
1092
1095
1091
1089
1092
1089
1091
1088
1090
1086
1090
1084
1085
1081
1084
1081
1080
1081
1078
1077
1075
1074
1074
1075
1072
1073
1069
1074
1074
1067
1066
1070
1064
1064
1068
1061
1062
1063
1060
1064
1059
1062
1059
1057
1061
1056
1060
1057
1059
1055
1056
1057
1053
1056
1053
1053
1054
1050
1052
1052
1048
1050
1047
1047
1050
1043
1042
1048
1043
1046
1042
1043
1042
1042
1045
1040
1041
1042
1037
1041
1036
1037
1037
1034
1035
1036
1033
1036
1033
1035
1030
1033
1032
1031
1035
1028
1029
1031
1027
1031
1027
1024
1029
1023
1025
1025
1023
1027
1021
1022
1025
1019
1020
1022
1018
1019
1017
1016
1014
1017
1013
1016
1014
1011
1010
1013
1009
1006
1012
1004
1005
1003
1005
1002
1001
1002
999
999
1000
998
998
997
996
996
997
994
998
993
994
992
990
991
992
990
986
985
990
982
986
986
981
981
986
981
978
985
978
978
977
977
976
976
978
974
971
972
973
968
969
973
971
965
964
968
963
965
967
963
962
963
959
959
964
960
958
961
958
955
955
958
952
954
953
949
952
955
949
949
953
950
947
946
949
944
944
942
946
941
940
943
938
937
937
942
935
936
931
930
933
930
929
929
926
926
931
928
923
925
927
920
921
921
923
923
916
917
918
916
918
914
910
908
908
912
909
911
904
906
909
905
902
903
907
899
899
899
900
899
900
901
901
893
897
896
896
893
891
893
892
893
890
886
890
889
884
883
880
878
877
874
878
876
871
871
869
869
870
864
860
861
861
859
856
859
858
852
850
849
847
851
854
852
847
847
848
845
843
842
842
841
841
838
837
837
835
836
836
835
835
833
832
833
832
831
830
832
830
829
829
828
826
825
826
825
824
822
823
822
822
818
816
814
816
816
815
812
812
815
814
808
808
809
808
808
807
804
807
804
803
805
806
800
800
801
798
799
798
797
801
792
792
796
791
791
790
792
785
786
788
786
788
783
787
783
784
783
786
779
781
780
784
777
779
778
779
779
782
779
772
774
773
776
774
769
770
769
764
764
764
768
760
761
763
761
763
758
758
756
760
753
751
750
756
755
751
750
753
746
744
746
743
748
743
744
739
739
740
738
739
732
730
731
734
733
730
732
725
724
728
728
726
727
723
723
724
723
722
724
720
724
722
717
718
712
711
710
708
705
703
701
703
698
696
695
690
688
686
688
685
684
683
682
680
680
676
677
679
676
678
675
677
674
673
674
672
674
669
671
668
669
671
669
669
668
668
666
667
665
661
665
659
659
660
655
656
655
652
651
652
649
651
648
653
647
647
644
644
643
640
642
638
636
633
635
634
634
633
632
631
630
629
629
630
627
626
625
627
623
624
622
622
620
617
618
617
615
612
612
608
610
606
607
604
603
603
599
600
599
596
595
592
596
593
590
590
587
590
587
587
586
582
584
582
581
579
580
577
579
579
575
577
573
571
567
564
560
562
557
558
550
549
543
543
539
540
536
537
538
537
533
530
531
532
529
529
531
528
527
525
522
520
518
517
517
514
513
513
516
514
510
511
509
503
505
501
501
499
498
499
500
496
496
493
493
491
490
489
485
485
484
486
480
478
481
478
477
477
475
475
472
473
469
472
469
472
467
470
468
469
466
465
464
465
462
459
461
456
462
459
459
458
454
458
456
456
453
452
454
453
452
451
453
452
448
449
448
449
448
447
445
445
447
444
441
439
438
436
440
436
435
434
434
433
431
433
430
429
431
430
425
422
423
421
423
420
419
421
418
416
412
409
409
404
406
405
402
403
403
