197
198
197
197
197
198
200
198
200
200
198
199
201
200
202
200
200
201
202
201
204
203
201
203
203
203
205
203
204
204
204
205
206
206
206
205
205
207
207
207
207
207
206
209
209
208
209
208
208
211
209
210
210
209
209
212
211
211
211
211
211
212
213
212
212
213
212
213
215
214
213
214
214
214
216
215
214
215
216
215
218
217
214
216
219
216
217
218
217
217
219
220
218
219
219
218
220
221
219
219
220
222
220
222
222
221
220
223
223
222
222
222
223
223
225
224
223
223
226
224
225
225
224
225
225
228
226
226
226
228
226
228
227
227
227
229
230
229
228
229
230
229
230
230
230
230
231
233
232
230
231
234
233
232
232
233
234
233
235
235
234
234
235
237
235
234
235
238
237
237
236
237
238
237
238
239
237
238
239
241
240
238
239
240
242
240
239
240
243
242
242
241
242
244
245
244
244
246
244
246
246
245
246
246
248
248
246
247
248
248
249
247
249
249
250
250
249
250
250
251
251
250
251
252
253
252
252
252
252
254
253
253
254
253
256
254
254
256
254
256
255
256
257
256
258
260
261
259
258
259
261
261
261
259
261
262
262
263
261
263
262
264
262
263
265
265
264
264
264
266
266
266
265
266
266
268
267
267
268
268
268
267
268
270
271
270
269
269
270
271
271
270
273
273
272
271
272
273
274
274
272
275
275
275
274
274
276
277
276
275
277
277
278
277
277
278
279
279
278
279
280
280
279
280
281
282
280
281
282
283
282
282
282
283
285
283
284
285
285
286
284
285
286
286
285
286
288
289
287
288
288
289
288
288
289
290
291
289
290
291
292
291
290
293
293
293
291
293
293
294
292
294
294
296
294
294
295
295
297
298
297
297
298
298
298
297
299
299
301
299
299
300
302
299
301
302
303
301
302
303
304
302
303
304
305
304
304
305
306
305
304
307
307
307
305
307
308
308
306
309
309
309
308
309
310
311
308
311
311
312
310
312
311
313
311
313
313
314
313
313
314
315
313
314
316
316
315
315
316
317
315
317
317
318
317
318
318
318
317
319
320
319
318
320
320
320
319
321
322
320
320
322
322
321
321
323
323
323
322
323
324
323
323
325
325
324
325
325
325
324
326
327
326
326
326
327
326
326
327
329
327
327
328
329
327
328
330
330
328
330
330
330
328
331
331
330
330
331
331
330
331
332
333
332
331
333
333
332
333
334
333
333
333
334
333
333
335
336
334
335
335
336
334
336
336
336
335
336
337
335
336
337
339
336
338
338
337
337
338
339
338
337
339
339
338
339
340
341
338
340
340
339
338
341
342
340
340
342
341
340
342
342
341
340
342
343
341
342
344
343
342
342
344
341
342
345
344
343
344
345
344
342
345
345
344
344
345
346
344
345
347
345
344
346
346
345
346
348
347
345
347
347
346
345
348
349
347
347
348
348
346
348
349
347
349
348
350
347
349
350
348
348
349
351
348
350
351
349
348
350
351
349
351
351
350
351
350
351
353
352
350
352
352
350
351
353
353
352
352
353
351
351
353
355
352
353
354
352
352
353
355
353
354
354
354
352
354
355
354
355
355
354
353
355
356
354
355
356
355
354
355
357
355
355
356
357
354
356
357
356
355
358
357
355
357
357
356
357
358
357
356
357
358
357
357
358
359
356
358
359
357
358
359
359
357
358
359
358
359
359
359
358
359
360
358
359
361
359
358
359
361
359
360
361
360
358
360
361
360
360
361
360
359
361
362
360
361
362
360
359
361
363
361
361
362
360
360
363
363
361
362
362
360
361
364
363
361
362
363
361
362
364
364
361
362
363
362
363
364
364
361
363
364
362
364
365
363
362
364
364
363
364
365
363
363
365
365
362
365
365
363
365
365
365
362
365
366
364
365
366
364
363
366
367
364
366
365
364
364
367
367
364
366
366
364
366
368
366
364
366
367
365
367
367
366
365
367
367
365
367
367
366
367
368
366
366
367
368
367
367
368
366
365
369
369
366
368
367
367
367
369
369
366
367
369
367
368
369
368
367
368
370
367
368
369
368
368
370
368
367
369
370
368
369
370
367
368
370
370
369
369
369
368
369
371
369
368
369
371
368
371
370
368
370
370
371
368
370
371
369
370
371
369
368
372
371
370
370
370
370
370
372
371
369
370
372
369
372
371
370
370
372
371
370
371
372
370
372
371
371
373
371
371
371
371
371
374
371
370
372
372
371
372
373
371
371
373
372
370
372
374
371
373
372
371
371
374
374
371
372
372
372
373
374
371
372
373
374
371
373
373
372
374
373
372
371
374
375
372
373
373
372
373
375
373
372
373
375
372
374
374
372
374
374
374
371
374
376
373
374
374
372
373
376
374
373
373
375
373
375
375
373
373
375
375
372
375
375
374
375
374
373
374
376
376
373
374
375
374
375
376
373
374
376
375
373
375
376
375
375
375
374
374
376
377
373
375
376
374
376
376
374
375
376
376
374
375
377
375
376
375
374
375
377
377
374
375
377
375
376
377
375
375
377
376
374
376
377
376
376
377
374
376
377
377
375
376
377
375
377
377
375
376
378
376
375
376
378
376
377
377
375
376
379
376
375
377
378
376
377
377
376
377
378
376
375
378
378
377
376
377
376
378
378
377
376
377
379
375
377
379
376
378
378
376
376
379
379
376
377
378
377
378
378
377
377
378
378
378
378
376
378
376
378
379
377
378
378
376
379
380
377
378
379
377
379
379
377
378
379
379
376
379
379
378
379
379
377
377
381
379
377
378
380
377
379
380
377
379
380
378
376
380
381
377
379
379
377
380
380
378
378
379
380
378
378
381
378
380
379
377
379
380
380
378
379
380
378
380
379
379
379
380
379
377
380
381
379
379
379
379
380
380
379
378
380
381
377
380
381
379
380
379
378
380
381
380
378
379
381
379
380
380
379
380
381
378
378
381
382
379
379
380
379
381
380
379
380
380
381
378
380
379
379
382
381
381
379
380
380
379
379
377
379
380
377
376
378
378
377
375
377
378
375
376
376
376
376
376
374
373
376
376
374
374
374
373
374
375
373
372
373
374
372
372
373
372
372
373
371
369
372
373
370
371
370
369
370
372
370
368
369
371
368
369
370
368
367
369
369
367
367
369
366
367
368
367
365
366
368
365
367
366
364
364
366
367
364
365
364
363
364
365
365
362
363
364
362
363
364
363
360
362
363
361
362
362
361
360
360
362
359
361
361
360
358
360
360
358
360
359
358
357
359
358
357
359
358
356
356
357
358
356
357
357
355
354
356
357
354
355
356
354
353
355
355
353
354
355
353
352
353
353
352
353
353
353
350
352
352
350
351
353
351
350
350
351
349
349
351
351
348
350
349
348
347
349
350
348
348
348
348
345
348
348
346
346
347
347
345
347
346
346
343
346
346
344
344
346
345
343
344
344
342
343
344
344
343
342
343
343
340
343
342
341
341
342
341
340
341
342
341
339
340
340
338
339
340
340
339
338
340
338
337
338
339
337
336
338
338
336
336
338
338
335
336
336
335
335
335
336
335
334
335
335
333
335
335
334
333
333
334
332
332
333
333
332
331
333
332
331
331
333
332
330
331
331
330
328
331
331
329
328
330
330
328
328
330
329
328
328
328
328
326
328
328
328
325
327
327
326
324
327
327
325
325
325
326
324
325
325
325
324
324
324
324
323
323
324
324
321
323
323
322
321
322
323
321
321
321
322
320
320
321
322
319
320
320
320
319
319
319
321
318
318
319
319
317
317
319
318
317
317
318
317
315
317
317
317
315
316
316
316
314
315
316
315
314
315
314
314
313
314
315
313
313
313
313
313
311
313
313
312
311
312
312
311
310
311
312
311
309
311
310
310
309
310
310
310
307
309
309
309
307
308
309
309
306
308
307
308
305
307
307
308
305
306
306
306
305
304
306
306
305
304
305
305
303
303
305
305
303
303
303
304
302
302
303
303
303
300
302
302
302
300
301
301
302
299
300
301
300
299
299
300
301
299
298
299
300
298
297
299
299
298
297
297
298
297
295
297
297
297
296
295
296
297
295
295
296
296
295
294
295
294
294
293
294
294
294
293
292
294
293
292
292
293
294
292
291
292
291
291
290
291
291
292
289
290
291
291
289
289
290
290
289
288
288
289
289
287
287
289
289
288
286
288
287
287
285
286
287
287
286
285
286
287
285
284
285
285
286
283
284
284
285
283
283
284
285
283
282
282
283
283
281
281
283
283
282
281
281
281
281
280
279
282
281
281
279
280
279
279
278
279
279
281
278
278
278
278
278
277
276
278
279
277
277
276
277
276
275
275
277
277
276
274
276
274
275
274
274
275
276
274
273
273
273
274
272
273
273
274
273
271
271
272
273
271
271
272
271
272
270
269
271
272
270
269
269
270
270
269
269
269
270
268
267
268
268
270
268
267
267
267
268
266
266
267
267
267
265
265
267
266
266
264
264
265
266
265
264
265
263
264
263
263
265
264
263
262
262
263
264
262
261
261
262
263
262
260
262
260
261
260
260
261
261
260
259
259
260
260
260
257
258
259
260
259
257
257
258
259
257
257
256
257
258
257
256
257
255
256
256
255
256
256
255
255
254
256
254
255
252
254
255
254
254
252
253
254
254
252
251
252
253
253
252
251
251
252
252
251
249
250
252
252
250
249
249
250
251
250
247
248
250
251
248
247
248
249
249
247
246
247
249
248
247
246
246
247
247
246
245
245
247
246
245
245
245
245
245
244
244
244
245
243
245
243
243
243
243
243
243
242
242
242
244
242
241
241
241
243
241
239
240
242
242
240
239
240
240
240
239
239
239
239
239
239
239
238
238
237
240
238
235
237
238
239
237
235
236
238
236
236
235
236
235
236
236
236
234
234
235
236
234
232
234
235
234
234
233
233
233
232
234
233
231
231
233
233
232
231
231
232
231
231
231
230
229
231
232
230
229
229
230
230
229
228
229
228
229
230
229
226
227
229
228
227
227
227
227
226
229
227
225
225
227
226
226
225
225
225
225
226
225
224
224
225
224
224
224
223
222
224
225
223
222
222
224
221
223
223
220
221
223
222
221
221
221
220
221
222
220
218
220
221
219
221
220
218
218
220
219
219
218
218
217
219
219
218
216
218
217
216
219
217
215
215
218
216
217
216
215
214
217
215
215
215
214
213
216
215
214
214
213
213
214
214
213
212
213
212
213
214
212
211
212
212
211
213
211
210
211
211
210
212
211
209
210
211
208
211
210
207
209
210
208
210
210
206
208
209
207
209
208
206
207
208
206
208
208
205
206
207
205
207
206
204
205
206
204
207
205
204
204
205
203
206
203
203
204
203
203
205
203
202
203
201
204
202
202
202
201
200
203
202
201
202
199
201
201
200
201
200
199
199
200
199
202
199
198
199
197
199
200
198
198
197
197
199
197
198
198
196
196
197
196
198
196
195
196
195
197
196
195
196
194
194
196
194
195
195
192
195
193
194
195
193
194
192
192
194
192
193
193
190
193
191
192
193
191
192
190
190
192
190
192
190
189
190
189
191
191
189
190
188
188
190
188
190
188
187
188
187
189
188
188
188
186
187
187
187
187
186
187
185
185
187
185
188
185
185
185
184
186
184
185
184
183
185
183
184
184
184
185
181
183
183
183
183
182
183
181
182
182
181
183
181
182
180
181
181
180
182
180
180
179
179
181
179
182
178
180
178
178
180
178
180
177
178
177
178
178
177
180
176
178
176
176
178
175
178
176
176
175
175
176
176
177
175
176
173
175
174
175
175
174
174
173
174
172
175
173
174
174
171
174
171
174
171
174
171
172
171
170
173
170
173
171
172
169
171
170
170
171
170
170
168
170
168
171
168
171
169
168
168
168
169
167
169
168
168
166
167
167
168
167
168
166
166
166
166
167
165
167
165
166
164
165
165
166
164
166
164
165
163
164
164
164
164
163
164
162
163
162
164
162
164
162
163
161
162
161
162
161
163
160
161
160
161
160
161
161
161
161
159
159
159
160
159
160
159
160
157
159
157
160
157
160
157
159
156
158
156
159
156
158
156
158
155
156
155
158
155
157
156
156
154
156
154
156
154
156
154
155
153
154
153
155
153
155
153
154
152
153
152
153
153
153
152
152
152
151
152
151
152
151
153
150
152
149
151
150
151
149
152
149
150
149
149
149
150
149
149
150
148
149
147
149
147
149
147
149
147
148
146
147
146
148
146
148
146
147
146
145
146
145
147
144
147
144
146
143
145
144
145
145
144
145
144
144
143
144
142
144
142
144
143
143
142
142
142
141
144
141
143
141
143
140
141
140
141
142
139
142
140
141
139
139
140
139
141
139
140
139
140
137
139
138
139
139
137
140
137
138
136
138
137
137
138
136
138
137
137
136
136
136
135
137
135
136
136
135
135
134
135
134
136
134
135
135
134
134
133
134
133
134
133
133
134
132
134
131
132
132
132
134
131
133
132
132
131
130
132
130
131
131
130
132
130
131
129
129
130
129
131
128
131
129
129
130
127
129
128
128
129
128
129
127
128
127
127
127
126
128
128
126
128
126
127
126
125
127
124
127
125
126
125
125
125
124
124
124
125
125
124
125
123
125
123
123
124
122
124
123
122
124
122
123
122
121
122
121
122
123
121
123
121
121
122
119
121
120
120
122
119
121
121
119
120
119
119
119
118
120
120
118
120
119
118
119
117
118
118
117
119
117
117
119
116
118
116
116
117
115
117
117
116
117
116
116
116
115
114
116
114
116
115
114
116
114
114
115
113
113
114
113
115
114
112
115
113
113
113
112
112
113
111
113
113
111
113
112
111
112
110
111
111
110
111
112
110
111
111
110
111
109
109
110
109
109
111
108
109
110
109
108
109
108
108
108
107
109
108
107
109
108
107
108
107
106
107
106
106
107
107
105
107
107
105
106
105
105
106
104
105
106
105
104
106
105
104
105
103
104
104
103
104
104
103
103
104
103
103
103
102
102
103
102
101
103
102
102
102
103
101
102
101
101
101
101
101
101
101
