402
404
405
405
403
406
408
406
407
409
408
409
411
410
413
413
413
414
417
413
416
415
417
417
420
419
420
420
421
422
423
422
423
425
424
425
426
425
427
430
427
429
432
427
432
433
430
435
438
432
439
436
437
441
438
441
440
442
443
443
443
444
448
443
449
449
446
451
449
451
451
453
452
456
453
456
456
457
460
457
461
460
461
462
466
462
468
465
468
469
468
469
475
470
476
474
476
478
479
479
483
479
485
485
486
488
486
492
489
493
493
492
496
495
498
499
498
502
501
503
504
503
507
505
508
509
507
513
509
512
515
514
517
514
516
519
518
519
520
522
520
524
524
523
527
525
527
528
531
529
528
534
530
534
534
534
535
536
540
537
538
541
541
542
540
546
542
546
546
547
551
546
551
551
552
552
552
555
554
555
555
559
557
560
557
561
562
562
565
560
566
563
569
568
568
569
570
571
572
573
571
575
572
578
575
579
576
579
579
581
583
582
583
581
584
584
587
585
590
585
590
587
590
591
592
592
593
595
596
596
595
597
596
599
597
601
597
604
599
606
599
605
601
606
601
605
606
607
605
608
607
608
610
610
611
610
613
611
613
611
616
612
617
615
616
615
618
619
620
617
624
618
624
621
622
624
626
623
626
625
628
625
629
624
630
627
631
627
632
630
631
634
635
632
634
634
636
634
635
638
637
635
641
639
640
638
643
639
642
641
644
642
642
643
645
644
643
645
646
647
644
647
647
648
646
651
648
651
648
650
652
651
649
651
652
652
651
653
655
655
655
655
656
654
658
657
657
654
659
659
659
658
661
659
660
659
659
662
661
662
662
665
662
666
661
666
664
669
664
669
666
668
667
668
671
667
671
669
674
668
673
671
675
674
674
675
673
678
676
678
676
682
676
681
681
681
683
682
685
683
687
688
689
691
692
690
693
696
692
697
699
696
701
698
699
698
702
702
699
704
702
707
705
705
707
707
711
708
711
713
709
715
712
714
711
714
718
717
718
719
720
722
718
724
724
724
730
726
728
731
727
732
729
731
734
732
735
738
733
740
736
737
740
737
741
742
742
744
744
749
746
748
750
748
753
753
753
755
754
758
757
758
762
759
764
763
764
769
765
772
767
772
774
773
774
779
776
781
780
782
785
786
787
789
788
796
790
796
798
797
801
806
812
807
814
816
814
821
823
824
828
831
830
837
838
838
845
846
846
851
856
854
860
864
861
864
875
880
876
884
888
888
892
896
896
901
901
909
914
921
919
922
926
930
932
933
937
943
943
947
949
954
958
959
962
965
972
977
981
983
985
987
993
994
995
1001
999
1007
1008
1009
1020
1013
1021
1024
1024
1028
1028
1037
1039
1038
1044
1042
1047
1051
1053
1057
1057
1062
1061
1069
1069
1074
1076
1078
1085
1083
1088
1090
1093
1099
1095
1106
1103
1111
1109
1115
1117
1119
1124
1124
1133
1126
1140
1134
1143
1143
1149
1148
1150
1156
1159
1162
1160
1167
1165
1171
1172
1176
1176
1180
1185
1188
1191
1192
1193
1193
1197
1197
1203
1199
1207
1203
1202
1203
1199
1203
1204
1201
1208
1207
1215
1210
1211
1211
1212
1210
1212
1215
1215
1218
1218
1220
1222
1223
1223
1220
1222
1220
1220
1219
1221
1225
1224
1226
1226
1225
1225
1224
1224
1224
1223
1225
1224
1229
1226
1228
1228
1227
1226
1227
1225
1225
1223
1226
1223
1225
1222
1223
1221
1222
1220
1221
1219
1220
1217
1218
1217
1218
1215
1216
1216
1215
1215
1215
1212
1213
1211
1210
1213
1209
1211
1209
1208
1208
1208
1206
1208
1207
1207
1206
1206
1204
1205
1202
1205
1203
1202
1201
1201
1200
1200
1199
1201
1198
1198
1198
1197
1197
1196
1196
1194
1196
1194
1194
1193
1193
1192
1195
1191
1192
1190
1192
1189
1190
1188
1189
1189
1188
1187
1187
1185
1186
1185
1185
1185
1183
1187
1183
1184
1182
1181
1181
1181
1180
1180
1179
1180
1179
1178
1177
1177
1179
1176
1177
1174
1177
1174
1174
1174
1174
1173
1172
1171
1174
1171
1169
1172
1167
1171
1168
1168
1167
1167
1165
1164
1164
1163
1165
1160
1162
1161
1159
1159
1159
1158
1155
1153
1154
1154
1152
1152
1153
1152
1153
1148
1151
1148
1148
1149
1148
1147
1146
1147
1147
1145
1143
1141
1143
1141
1142
1141
1141
1138
1139
1138
1139
1138
1137
1138
1134
1136
1134
1135
1135
1133
1133
1131
1132
1129
1127
1130
1127
1129
1128
1128
1124
1127
1126
1122
1127
1122
1122
1122
1119
1122
1119
1120
1118
1118
1118
1116
1118
1116
1117
1116
1115
1116
1114
1113
1114
1113
1114
1113
1113
1113
1111
1111
1109
1110
1110
1109
1109
1108
1107
1106
1107
1105
1107
1106
1105
1106
1104
1103
1104
1101
1104
1101
1102
1100
1098
1101
1098
1101
1095
1097
1096
1096
1096
1094
1093
1094
1092
1095
1089
1090
1090
1089
1089
1087
1087
1087
1084
1085
1084
1082
1086
1082
1085
1082
1082
1081
1081
1081
1080
1083
1078
1082
1076
1079
1079
1077
1079
1077
1077
1075
1075
1075
1075
1076
1075
1075
1072
1073
1071
1073
1073
1072
1072
1069
1070
1070
1069
1071
1068
1069
1067
1068
1066
1069
1067
1067
1067
1063
1065
1064
1064
1067
1061
1064
1061
1062
1062
1061
1063
1060
1061
1059
1059
1060
1058
1062
1056
1058
1058
1054
1059
1054
1055
1054
1054
1055
1054
1055
1053
1049
1055
1049
1047
1051
1049
1049
1047
1048
1046
1047
1049
1045
1047
1044
1044
1046
1043
1043
1042
1041
1042
1040
1039
1041
1040
1036
1037
1038
1035
1034
1033
1033
1031
1032
1030
1033
1030
1033
1028
1028
1031
1028
1030
1030
1025
1025
1025
1025
1027
1023
1020
1026
1023
1022
1020
1021
1022
1020
1020
1018
1018
1022
1016
1016
1018
1016
1019
1014
1017
1016
1014
1016
1014
1015
1014
1011
1014
1009
1010
1013
1010
1012
1007
1010
1011
1008
1009
1006
1008
1008
1006
1009
1004
1006
1006
1003
1008
1002
1004
1004
1001
1007
1001
1002
1001
1000
1004
999
1001
998
999
1003
998
996
1001
995
996
997
994
998
994
995
996
992
991
995
989
991
992
990
992
991
988
990
986
986
989
985
985
985
984
983
987
981
981
985
980
979
983
981
978
977
977
975
974
978
973
974
978
975
969
970
972
970
967
966
971
964
965
965
967
962
963
963
961
966
959
962
962
961
962
959
958
959
957
954
957
958
955
959
953
954
957
950
952
950
954
950
948
951
951
945
946
945
945
947
939
940
937
938
939
941
933
937
937
934
932
933
934
931
933
932
933
929
929
932
926
926
928
927
926
926
925
926
923
922
927
925
920
919
915
919
919
915
917
920
912
916
918
914
913
915
911
912
916
909
912
914
910
906
910
912
904
909
910
906
906
908
903
905
908
903
905
904
904
902
902
905
898
901
903
901
899
899
897
899
900
894
897
901
893
897
898
893
897
896
892
895
895
890
892
894
894
889
891
889
890
890
890
884
888
891
889
886
885
886
884
880
886
884
884
878
881
878
879
879
873
877
873
873
872
873
872
873
867
869
869
871
864
867
865
865
863
863
864
858
863
864
858
857
860
861
856
859
862
855
857
859
857
856
855
854
856
855
853
853
854
852
853
851
849
851
851
848
849
852
846
848
851
850
844
846
845
847
842
845
846
846
841
842
845
844
839
840
839
841
838
837
841
839
838
835
834
836
838
834
834
832
833
833
831
830
829
831
829
829
825
825
824
824
824
822
822
822
822
819
817
822
820
814
818
818
817
815
813
813
812
813
812
811
812
811
808
808
812
806
806
807
809
805
806
806
807
802
807
804
803
803
801
799
803
801
800
797
797
800
796
795
795
794
796
794
791
791
791
792
790
790
786
788
785
784
782
779
776
775
771
769
772
767
769
768
768
767
764
769
763
763
764
765
762
764
763
762
764
765
757
759
761
758
760
757
757
758
757
757
756
755
755
754
756
752
755
754
751
755
754
748
752
751
748
752
751
749
746
748
745
745
747
746
744
743
743
743
738
737
735
736
734
734
736
736
733
732
733
730
727
729
729
727
729
726
729
729
726
725
727
723
722
724
720
723
722
720
722
719
719
720
717
718
718
715
719
715
715
716
714
713
714
711
715
711
711
712
710
713
709
707
709
707
707
707
707
709
706
705
704
700
706
702
703
705
701
704
701
701
702
699
697
699
695
698
694
