102
101
102
104
103
104
106
105
106
107
107
107
109
108
110
112
110
111
113
112
114
113
113
115
115
116
117
117
118
119
118
120
120
120
122
121
124
123
123
126
124
126
125
126
127
127
129
128
129
131
131
132
130
132
134
133
135
134
137
136
136
137
136
138
138
140
139
142
140
142
142
142
143
144
145
144
147
146
147
145
148
147
149
149
150
151
151
151
152
153
153
155
154
156
155
156
155
157
157
159
158
161
160
160
161
161
163
163
165
164
165
163
166
165
168
166
170
168
169
169
170
172
171
173
172
174
172
174
174
176
176
176
178
176
179
178
181
180
181
181
180
182
182
183
184
184
186
184
186
187
186
189
188
188
188
188
191
190
191
192
190
193
193
194
195
194
194
194
195
198
196
197
199
196
199
200
199
202
201
199
202
201
202
204
203
204
204
205
206
207
205
207
206
207
208
209
209
209
210
210
211
213
211
211
212
212
213
216
213
214
216
216
216
218
217
216
217
219
218
220
220
219
220
222
223
221
222
222
222
223
225
224
224
225
227
226
226
227
226
227
227
230
229
228
230
231
231
231
231
231
232
231
235
233
233
233
236
236
235
235
235
237
236
238
237
239
238
239
240
240
239
239
241
242
242
241
242
244
245
243
242
243
246
246
245
245
246
248
247
247
247
247
249
249
249
249
250
251
252
250
251
251
253
252
253
253
253
255
256
254
254
254
257
257
256
256
257
258
260
258
257
259
258
261
261
259
262
261
262
261
262
263
263
263
263
264
265
266
265
264
265
265
268
267
266
269
267
269
267
268
270
270
270
269
270
271
272
272
271
272
272
273
272
273
275
276
274
274
274
275
276
276
276
278
278
277
276
278
278
279
278
279
281
281
280
280
280
281
282
281
282
283
284
283
282
284
284
284
284
285
285
287
285
285
286
288
287
287
288
288
289
287
288
289
290
289
290
291
292
291
290
291
291
292
292
293
293
294
293
292
294
296
294
295
296
296
296
295
296
296
298
296
298
298
298
297
298
299
299
299
300
300
302
300
299
302
302
301
301
304
303
302
302
303
303
304
303
305
305
305
303
305
305
307
305
307
306
308
306
306
308
308
308
308
309
310
308
308
310
310
310
310
311
312
310
310
312
312
313
314
312
312
314
314
314
314
315
316
316
316
316
317
318
315
316
318
320
321
321
319
321
321
321
321
323
322
323
320
323
323
325
324
323
323
325
325
325
327
325
325
326
327
326
327
328
327
326
328
328
328
327
329
329
328
328
329
330
329
329
331
331
329
330
331
331
331
332
332
331
330
331
333
331
333
333
334
332
333
333
334
333
335
334
334
332
335
334
335
335
336
336
335
335
336
336
335
337
338
335
335
337
337
337
338
338
339
336
338
338
338
338
339
340
337
338
339
341
338
341
340
340
338
340
340
340
340
342
342
339
342
341
341
341
342
342
341
340
343
343
342
343
343
343
340
343
343
343
343
345
344
343
344
343
344
343
345
345
344
344
345
345
345
345
346
344
344
346
346
346
346
348
346
344
346
346
346
347
348
348
345
347
347
347
347
348
349
346
348
348
348
347
347
348
349
349
349
349
350
348
347
349
350
350
350
351
349
348
350
350
350
351
351
351
348
351
350
350
351
352
352
350
351
351
351
351
352
353
350
352
352
352
351
352
354
351
352
353
352
352
353
353
352
353
353
353
353
354
354
352
352
354
355
353
354
355
352
353
354
355
354
355
355
353
353
355
355
355
355
356
354
353
355
356
355
356
356
355
353
356
356
356
356
357
355
353
357
356
356
357
358
355
354
357
357
356
358
357
356
355
356
358
357
358
358
357
355
357
358
357
359
358
357
356
357
359
357
359
359
357
356
358
359
358
359
360
357
357
358
359
359
360
359
358
357
359
359
359
360
360
358
357
360
360
359
361
360
358
358
360
361
359
361
360
359
359
360
361
360
361
360
359
360
361
361
361
361
361
360
360
361
362
360
361
362
360
361
362
361
361
361
363
361
362
362
361
361
362
364
361
362
362
361
362
363
364
360
363
362
362
363
363
364
361
362
363
363
363
364
364
361
362
364
363
364
364
363
361
364
364
364
364
365
362
362
364
365
364
364
365
362
363
365
365
363
364
365
364
364
364
365
363
365
366
363
365
364
364
364
366
366
363
365
364
364
366
366
366
363
364
365
365
366
367
364
363
365
366
366
366
366
364
364
366
366
365
366
366
364
365
367
366
365
366
367
364
366
366
365
365
367
367
365
366
366
365
366
367
367
365
366
365
366
367
368
366
364
366
367
366
368
367
365
365
367
367
367
366
366
367
367
366
366
368
366
367
367
366
365
368
368
366
367
366
366
368
368
368
364
367
367
367
368
368
366
365
367
368
367
368
368
365
367
368
368
366
367
369
365
368
367
367
366
368
368
366
367
366
366
366
368
367
364
365
365
365
366
366
364
362
363
364
364
364
363
362
360
362
362
361
362
362
359
359
360
360
359
360
360
356
357
359
358
357
358
357
355
355
356
357
355
356
356
353
353
354
354
353
355
353
352
350
352
352
352
352
352
350
348
350
350
349
350
350
349
347
348
348
346
347
348
348
345
346
346
346
344
345
346
343
344
344
344
343
344
343
342
340
342
342
342
341
342
341
339
340
340
339
338
339
340
338
337
338
338
337
338
337
336
335
336
335
335
335
336
335
333
334
334
334
332
334
333
332
330
332
331
331
331
331
332
328
330
329
330
329
329
329
329
326
327
328
327
326
327
327
325
324
326
326
324
325
325
325
322
323
323
324
322
323
323
322
320
322
321
320
320
321
321
319
318
319
319
319
317
319
319
317
315
317
317
316
316
316
317
314
314
314
315
314
314
314
314
313
311
313
313
311
312
312
312
310
309
311
310
310
309
310
310
308
307
308
308
308
307
308
308
306
304
307
306
305
305
305
306
304
302
304
304
303
302
303
303
303
300
301
301
302
300
301
301
301
298
299
299
300
298
298
299
299
297
296
297
296
297
295
297
296
296
294
294
294
295
294
293
295
294
293
291
293
292
292
290
292
291
292
289
289
290
291
289
289
290
289
289
286
287
287
288
286
287
287
288
285
285
285
285
285
284
284
284
285
282
283
283
283
283
281
282
282
282
280
280
281
281
280
279
280
279
279
277
278
278
279
277
277
278
276
277
275
275
276
276
275
275
275
274
275
272
273
274
273
273
271
272
272
273
271
270
271
270
271
269
269
270
271
269
267
268
267
269
266
265
265
266
264
265
264
262
264
262
263
262
263
260
261
261
261
258
260
259
261
259
257
257
257
259
257
257
258
256
257
255
255
256
255
255
254
254
256
254
254
252
252
254
253
252
251
252
253
252
251
249
249
252
250
249
249
248
251
249
248
247
247
248
247
248
245
247
248
246
246
244
245
246
243
245
244
244
244
243
244
243
242
242
241
242
242
241
241
240
243
240
238
239
240
240
238
238
238
240
238
238
236
237
237
235
237
237
235
235
236
237
234
233
233
235
234
233
232
234
233
232
233
232
230
231
231
232
230
230
230
231
230
229
229
228
228
228
229
228
226
227
229
226
227
226
225
225
225
226
225
223
225
225
224
224
224
221
222
223
223
222
221
222
222
221
222
221
218
219
221
219
219
220
218
218
219
219
217
217
217
216
216
218
216
215
216
216
214
217
215
212
214
215
212
214
214
212
212
214
212
212
212
210
210
212
210
210
210
210
208
211
210
208
209
207
207
208
208
207
207
206
206
208
206
206
206
203
205
206
203
205
204
203
203
205
202
204
203
200
202
202
200
203
200
200
201
200
200
201
199
198
199
197
199
199
197
199
196
197
198
197
197
197
194
195
196
194
196
195
194
194
193
195
193
194
193
191
192
193
190
194
190
191
191
190
192
190
190
190
188
189
188
189
189
188
188
187
187
189
186
188
186
186
185
185
186
185
185
185
184
184
184
184
184
183
184
181
182
182
182
182
181
182
180
180
181
180
182
179
180
177
179
179
178
179
178
178
177
177
178
176
178
176
177
174
175
175
175
175
175
175
173
174
173
174
173
174
172
171
172
171
173
170
172
171
170
170
169
172
169
170
169
170
167
168
168
168
167
169
167
166
167
166
168
165
167
165
166
163
165
164
165
164
164
163
164
162
163
163
162
163
162
162
160
161
160
161
160
161
159
161
158
160
158
160
158
160
157
158
156
158
156
158
155
158
155
157
154
156
155
156
154
156
154
154
152
154
152
154
151
154
152
152
151
152
150
152
151
151
151
150
149
149
148
149
149
149
149
148
148
147
148
146
149
146
148
146
146
145
145
145
145
146
144
145
144
145
142
144
142
145
142
143
143
142
142
140
141
140
142
140
141
140
140
140
139
139
138
141
137
139
139
137
138
136
137
136
138
135
137
136
136
136
134
136
135
134
135
133
134
132
133
132
133
133
131
131
131
129
129
128
128
128
127
125
127
126
125
126
124
125
123
122
123
120
121
121
122
119
121
120
118
120
118
118
118
118
116
117
117
116
118
116
116
116
115
116
115
113
115
114
113
115
113
113
115
112
113
113
111
113
111
112
113
110
111
112
111
110
111
108
110
109
109
110
109
107
110
109
107
109
107
107
107
107
106
108
107
106
107
105
105
106
104
104
105
103
105
104
103
104
104
103
102
104
101
102
102
102
101
103
101
102
