403
403
406
405
407
407
407
411
413
414
413
417
418
416
420
420
425
422
425
426
425
429
429
430
432
432
432
434
436
436
437
439
437
441
441
440
445
442
445
448
444
448
448
449
449
455
450
456
453
455
458
457
458
460
459
461
465
462
466
464
468
470
468
469
473
471
476
474
477
477
477
479
483
480
483
484
485
488
484
490
487
491
492
490
493
492
495
496
493
497
495
498
498
498
500
500
502
502
501
502
503
505
503
505
507
505
508
509
506
510
507
510
510
511
513
512
513
518
510
517
515
516
519
520
518
519
524
519
522
523
521
526
523
526
525
528
528
527
531
528
531
533
532
532
532
539
533
535
538
537
539
539
541
539
541
544
544
544
543
547
546
546
548
548
552
546
551
550
553
553
551
554
555
555
554
556
556
560
555
558
559
561
562
558
562
560
565
563
562
564
565
566
566
566
566
570
567
570
567
570
573
570
572
573
573
572
576
574
577
575
578
576
578
582
577
581
579
581
578
582
580
583
580
586
582
586
583
585
586
588
586
587
588
588
589
590
592
590
593
590
595
594
595
593
594
594
597
595
596
597
597
598
598
598
597
601
596
601
599
604
597
605
601
606
601
604
604
608
606
604
607
608
610
608
608
609
613
610
611
610
613
614
613
613
616
614
616
614
617
616
618
617
618
617
621
618
622
619
622
620
623
620
624
622
625
620
626
623
626
623
627
623
627
626
627
625
628
627
630
627
631
628
632
630
632
629
633
632
634
631
635
634
635
636
637
636
636
638
638
637
639
638
639
639
641
639
641
641
645
641
643
644
644
646
646
647
644
648
644
648
647
650
649
651
651
654
650
652
652
656
653
654
656
656
656
654
659
657
659
656
661
657
660
659
660
658
660
660
659
660
661
663
663
664
661
665
660
666
664
666
664
667
666
666
666
667
668
668
672
668
671
667
672
671
673
669
673
672
673
672
674
678
672
676
673
680
677
679
678
678
677
679
684
678
680
679
686
680
685
682
682
684
685
687
685
686
684
692
684
690
687
690
692
689
693
691
693
694
692
695
694
694
694
699
694
699
697
696
697
699
702
696
701
700
703
697
700
701
701
704
705
708
709
707
711
710
710
715
711
715
718
716
720
719
720
726
724
726
731
734
729
733
737
734
739
742
738
744
748
748
749
754
751
757
753
756
760
755
761
759
762
764
762
767
767
768
771
771
770
776
772
779
776
781
782
782
784
790
786
793
790
795
797
797
798
804
803
807
810
811
815
814
818
822
822
824
830
827
832
837
834
842
845
842
849
853
851
853
859
860
862
864
870
870
872
877
879
881
887
893
900
904
907
913
917
921
922
926
925
931
935
935
937
939
946
947
946
953
955
959
956
960
965
968
969
970
980
981
987
990
996
994
1002
1009
1007
1011
1016
1013
1021
1022
1023
1035
1033
1036
1044
1043
1051
1054
1056
1068
1067
1070
1072
1076
1080
1077
1085
1086
1092
1101
1099
1101
1104
1110
1112
1116
1118
1119
1120
1123
1128
1129
1135
1133
1140
1142
1141
1147
1146
1153
1153
1163
1164
1166
1167
1171
1170
1175
1173
1178
1178
1178
1175
1175
1177
1174
1177
1180
1182
1181
1185
1186
1188
1183
1185
1183
1185
1181
1181
1190
1184
1189
1188
1190
1190
1192
1190
1191
1191
1191
1190
1196
1191
1194
1190
1192
1189
1192
1189
1189
1189
1188
1188
1190
1186
1185
1189
1184
1186
1184
1184
1182
1184
1182
1184
1179
1182
1179
1181
1177
1179
1179
1176
1178
1174
1177
1173
1176
1173
1176
1173
1174
1170
1174
1169
1171
1168
1170
1170
1167
1169
1166
1169
1164
1169
1166
1168
1163
1166
1162
1163
1161
1164
1162
1159
1161
1157
1160
1158
1159
1154
1157
1155
1153
1156
1150
1152
1150
1151
1148
1147
1149
1147
1148
1145
1149
1143
1146
1144
1144
1143
1140
1141
1138
1141
1138
1138
1139
1135
1137
1135
1135
1134
1135
1133
1134
1132
1132
1134
1129
1134
1128
1131
1128
1128
1130
1127
1127
1127
1127
1126
1129
1123
1127
1123
1124
1125
1120
1126
1119
1124
1120
1122
1120
1119
1121
1118
1118
1119
1120
1117
1118
1114
1116
1115
1114
1115
1113
1114
1112
1114
1112
1113
1110
1110
1111
1108
1111
1106
1108
1107
1107
1106
1106
1107
1105
1103
1104
1101
1104
1101
1104
1099
1102
1102
1096
1101
1096
1100
1096
1098
1094
1095
1096
1093
1092
1093
1089
1093
1089
1090
1088
1090
1088
1085
1086
1086
1083
1085
1082
1078
1078
1081
1074
1078
1073
1069
1069
1071
1066
1065
1062
1066
1060
1060
1062
1061
1061
1058
1058
1058
1057
1060
1055
1058
1054
1057
1055
1055
1057
1052
1054
1053
1051
1054
1052
1054
1049
1050
1051
1048
1051
1048
1050
1046
1047
1049
1044
1050
1044
1045
1046
1043
1047
1040
1043
1043
1040
1045
1039
1041
1041
1036
1042
1038
1039
1037
1038
1036
1036
1041
1034
1034
1037
1033
1037
1032
1035
1031
1030
1034
1030
1030
1031
1030
1032
1027
1029
1029
1026
1029
1026
1028
1024
1025
1029
1023
1027
1022
1023
1023
1022
1020
1022
1020
1023
1017
1016
1021
1016
1019
1018
1015
1017
1016
1012
1013
1013
1009
1008
1013
1009
1007
1010
1005
1006
1009
1005
1001
1001
1001
1000
996
998
998
993
996
996
994
994
997
991
992
991
991
988
992
986
988
989
985
989
984
986
988
985
987
986
984
984
981
980
985
980
981
981
979
983
977
978
980
977
981
977
975
978
972
974
979
972
976
972
971
976
969
972
974
968
970
969
968
972
965
967
967
965
965
968
962
964
965
963
967
960
962
964
961
963
959
960
964
957
959
959
954
957
960
955
956
956
954
958
953
955
955
950
951
955
949
953
951
947
947
947
940
943
944
939
938
939
942
941
937
936
934
938
934
931
928
931
931
928
928
932
929
925
927
929
921
924
928
922
925
923
922
925
926
918
920
922
918
917
922
914
918
920
915
917
917
912
914
917
910
913
915
914
908
909
913
906
909
909
907
907
910
910
902
906
907
902
902
906
900
898
900
904
899
900
898
901
894
897
900
894
895
891
890
887
891
892
889
886
884
882
876
877
878
874
868
872
870
867
871
869
867
861
865
867
860
863
865
861
862
862
860
860
858
859
860
856
857
855
859
854
853
857
856
850
853
856
848
848
849
854
848
848
848
848
848
847
847
845
846
847
845
844
843
844
843
844
842
842
841
842
840
839
840
839
839
836
839
838
834
838
838
833
836
837
832
832
834
834
832
832
828
832
831
830
826
826
825
828
825
821
820
820
820
819
819
818
817
814
820
814
812
811
811
809
811
810
813
810
807
810
807
806
806
806
806
803
803
808
799
804
806
799
802
804
801
800
803
800
798
800
800
798
797
797
797
798
795
794
795
797
793
794
790
793
791
792
791
791
790
790
788
788
793
785
787
790
788
785
786
785
785
784
783
781
787
785
779
778
782
779
779
780
777
780
779
774
774
775
770
771
771
772
771
767
766
767
771
766
764
765
763
766
763
762
763
759
761
765
757
759
760
755
758
760
758
755
756
757
753
752
752
754
751
751
750
749
753
748
750
750
748
748
747
751
746
746
746
747
746
743
746
742
743
741
742
745
739
740
742
737
743
742
738
737
735
737
731
730
732
735
728
728
733
730
730
723
719
719
717
711
710
710
711
707
704
705
704
705
700
701
699
700
702
700
703
697
699
698
697
699
697
696
693
695
697
694
696
692
693
691
693
692
691
692
690
690
688
686
689
688
686
689
685
685
682
685
685
683
685
681
684
680
681
678
678
678
678
675
676
675
672
675
674
673
669
664
665
666
662
664
660
661
658
660
658
659
660
657
660
654
657
654
656
653
653
655
653
651
652
651
648
650
649
650
648
647
648
649
644
647
647
644
644
642
643
643
643
640
644
639
643
639
642
638
640
637
637
635
636
636
634
635
633
632
632
630
631
629
629
631
627
626
623
623
620
620
618
615
617
614
615
613
615
613
614
610
612
609
612
608
609
609
610
606
609
605
607
605
605
604
604
604
603
603
600
603
599
603
598
600
598
598
597
597
598
594
596
592
597
592
594
591
594
592
592
592
588
586
587
585
583
583
572
566
563
561
561
560
557
559
556
557
557
554
557
555
554
555
552
553
553
550
555
549
551
552
547
552
547
545
547
545
545
546
542
545
543
544
544
541
542
543
540
543
540
540
539
537
535
537
535
530
529
526
528
523
521
520
522
520
523
522
519
519
518
516
517
519
514
514
517
515
514
512
513
509
513
514
509
506
509
507
509
505
504
504
503
502
505
502
501
501
503
499
498
499
500
498
496
497
497
493
491
491
487
488
487
487
482
484
482
482
480
482
479
477
478
477
478
474
473
476
471
476
470
471
468
472
471
470
466
468
466
467
463
464
461
462
463
463
461
459
459
459
458
457
454
455
454
453
448
448
423
418
418
416
417
414
415
420
416
417
415
416
411
413
414
411
412
408
410
407
407
406
406
407
407
405
406
403
404
402
403
402
1921
1921
1920
1918
1718
1718
1617
1716
1716
1715
1516
1515
1514
1514
1614
1414
1414
1313
1413
1312
1212
1212
1112
1111
1111
1111
1110
1110
1099
910
1415
1110
