324,1.09893
326,0.783105
326,0.777734
327,0.720801
331,0.742285
332,0.81748
332,0.722949
334,0.76377
336,1.09893
337,0.746582
338,0.769141
341,0.722949
344,0.706836
344,0.780957
344,0.719727
347,0.743359
349,0.782031
349,0.716504
352,0.740137
354,0.780957
352,0.718652
355,0.729395
357,0.801367
359,0.724023
358,0.737988
361,0.780957
361,0.718652
362,0.703613
362,0.771289
365,0.717578
366,0.734766
366,0.769141
368,0.713281
367,0.725098
367,0.76377
370,0.83252
371,0.718652
371,0.746582
368,0.78418
372,0.717578
376,0.729395
374,0.760547
375,0.70791
375,0.75625
374,0.744434
376,0.866895
380,0.719727
379,0.74873
378,0.779883
380,0.717578
383,0.688574
380,0.74873
382,0.874414
384,0.721875
384,0.733691
385,0.766992
386,0.702539
384,0.726172
386,0.736914
390,0.788477
390,0.705762
388,0.713281
393,0.74873
393,0.90127
392,0.704688
393,0.727246
397,0.760547
395,1.09893
397,0.705762
397,0.751953
397,0.768066
399,0.706836
400,0.71543
399,0.732617
400,0.755176
402,0.698242
403,0.71543
403,0.741211
406,0.766992
406,1.09893
405,0.706836
409,0.72832
409,0.749805
407,0.833594
411,0.699316
412,0.719727
410,0.746582
414,0.771289
414,0.698242
413,0.70791
416,0.731543
419,0.761621
416,0.846484
419,0.705762
421,0.6875
419,0.734766
423,0.773438
425,1.09893
422,0.704688
426,0.718652
428,0.724023
426,0.760547
431,1.09893
430,0.706836
429,0.688574
434,0.727246
430,0.742285
434,0.809961
437,0.697168
434,0.705762
439,0.71543
437,0.740137
439,0.732617
441,1.03447
441,0.689648
442,0.706836
443,0.71543
445,0.743359
445,0.737988
448,0.945313
449,0.691797
447,0.706836
452,0.708984
452,0.733691
454,0.742285
454,0.739063
455,0.688574
457,0.692871
457,0.700391
457,0.70791
460,0.719727
462,0.730469
458,0.727246
463,0.685352
461,0.686426
465,0.697168
465,0.704688
464,0.721875
464,0.734766
467,0.766992
463,0.791699
469,0.690723
467,0.699316
468,0.718652
469,0.710059
469,0.717578
469,0.720801
472,0.740137
468,0.780957
473,0.688574
471,0.688574
473,0.708984
474,0.702539
472,0.719727
473,0.724023
476,0.731543
472,0.74873
478,0.685352
474,0.691797
479,0.692871
476,0.705762
476,0.710059
477,0.726172
478,0.73584
476,0.74873
480,0.807813
476,0.691797
477,0.697168
478,0.701465
478,0.702539
482,0.711133
477,0.719727
482,0.744434
480,0.755176
481,0.78418
480,0.688574
481,0.693945
480,0.701465
486,0.769141
482,0.710059
484,0.722949
485,0.727246
481,0.731543
489,0.751953
483,0.787402
485,0.690723
485,0.689648
484,0.696094
487,0.743359
487,0.700391
488,0.713281
486,0.720801
486,0.718652
485,0.733691
489,0.740137
484,1.09893
491,0.684277
488,0.691797
488,0.696094
492,0.677832
488,0.69502
494,0.701465
489,0.702539
493,0.719727
493,0.714355
492,0.726172
494,0.792773
492,0.684277
495,0.693945
492,0.69502
495,0.699316
492,0.696094
496,0.705762
495,0.701465
496,0.702539
497,0.704688
496,0.717578
496,0.726172
499,0.717578
497,0.678906
500,0.683203
499,0.685352
499,0.69502
501,0.696094
503,0.684277
502,0.686426
502,0.697168
503,0.700391
505,0.697168
503,0.692871
504,0.71543
503,0.70791
504,0.725098
504,1.09893
505,0.681055
506,0.682129
507,0.684277
508,0.682129
508,0.684277
505,0.688574
510,0.65957
508,0.683203
509,0.689648
512,0.699316
508,0.700391
513,0.691797
509,0.699316
510,0.704688
513,0.700391
512,0.710059
514,0.693945
512,0.72832
512,0.764844
517,0.682129
513,0.676758
514,0.684277
514,0.689648
515,0.683203
516,0.684277
517,0.682129
516,0.670313
515,0.648828
520,0.689648
518,0.684277
518,0.6875
522,0.691797
518,0.693945
523,0.699316
522,0.692871
521,0.693945
521,0.697168
523,0.700391
525,0.698242
522,0.697168
527,0.692871
523,0.69502
526,0.693945
527,0.699316
524,0.713281
528,0.702539
527,0.708984
530,0.705762
527,0.71543
529,0.714355
527,0.724023
533,0.731543
530,0.741211
531,0.734766
531,0.67998
532,0.678906
531,0.67998
531,0.677832
535,0.67998
530,0.678906
532,0.675684
535,0.67998
535,0.681055
535,0.681055
532,0.683203
538,0.678906
535,0.681055
535,0.682129
537,0.682129
539,0.681055
538,0.681055
537,0.685352
539,0.683203
538,0.684277
539,0.682129
541,0.684277
540,0.678906
540,0.685352
538,0.681055
544,0.682129
541,0.676758
541,0.684277
543,0.682129
544,0.682129
548,0.681055
543,0.682129
546,0.904492
545,0.806738
548,0.487695
545,0.711133
547,0.701465
550,0.704688
547,0.699316
548,0.689648
547,0.702539
551,0.691797
549,0.696094
551,0.697168
551,0.683203
556,0.6875
552,0.6875
550,0.688574
554,0.69502
555,0.692871
558,0.69502
553,0.690723
555,0.692871
557,0.685352
557,0.684277
557,0.684277
559,0.656348
559,0.686426
558,0.684277
561,0.684277
558,0.685352
560,0.682129
560,0.67998
562,0.683203
561,0.681055
560,1.09893
563,0.704688
560,0.710059
565,0.699316
562,0.696094
565,0.690723
562,0.689648
568,0.688574
567,0.690723
568,0.691797
567,0.691797
569,0.669238
567,0.689648
573,0.685352
569,0.688574
572,0.688574
570,0.684277
572,0.668164
574,0.702539
574,0.698242
573,0.69502
573,0.688574
575,0.693945
573,0.693945
575,0.693945
575,0.690723
579,0.689648
576,0.690723
578,0.6875
578,0.689648
579,0.691797
581,0.747656
580,0.710059
582,0.699316
580,0.693945
584,0.698242
581,0.696094
585,0.692871
582,0.689648
587,0.69502
583,0.689648
587,0.691797
585,0.688574
589,0.744434
588,0.702539
587,0.697168
586,0.69502
588,0.698242
591,0.690723
589,0.693945
589,0.69502
591,0.691797
593,0.69502
594,0.579004
594,0.710059
591,0.704688
597,0.699316
593,0.701465
595,0.696094
593,0.686426
598,0.693945
595,0.69502
597,0.697168
595,0.714355
598,0.704688
599,0.699316
600,0.698242
601,0.700391
602,0.697168
602,0.696094
601,0.697168
602,0.821777
601,0.702539
602,0.705762
600,0.702539
604,0.699316
601,0.701465
606,0.701465
604,0.699316
607,0.699316
603,0.716504
607,0.706836
606,0.701465
607,0.702539
608,0.701465
609,0.703613
607,0.698242
609,0.762695
609,0.711133
610,0.701465
611,0.703613
612,0.704688
610,0.69502
613,0.701465
614,0.701465
615,0.711133
614,0.70791
614,0.705762
617,0.701465
615,0.740137
618,0.705762
617,0.704688
620,0.710059
616,0.708984
620,0.705762
618,0.708984
621,0.704688
620,0.705762
621,0.830371
621,0.710059
622,0.70791
621,0.705762
622,0.704688
623,0.708984
624,0.710059
625,0.708984
625,0.706836
626,0.710059
626,0.706836
625,0.70791
626,0.708984
626,0.719727
626,0.711133
627,0.711133
630,0.708984
629,0.708984
630,0.706836
630,0.717578
630,0.714355
631,0.712207
631,0.712207
631,0.712207
635,0.730469
632,0.711133
636,0.716504
633,0.713281
635,0.717578
636,0.714355
635,0.721875
637,0.716504
638,0.717578
637,0.71543
638,0.713281
638,0.716504
637,0.718652
640,0.718652
639,0.714355
641,0.716504
641,0.718652
641,0.726172
641,0.720801
643,0.716504
641,0.721875
646,0.719727
643,0.72832
646,0.722949
643,0.721875
646,0.722949
646,0.721875
649,0.725098
649,0.724023
647,0.724023
649,0.724023
649,0.72832
651,0.725098
652,0.722949
650,0.725098
650,0.726172
653,0.72832
653,0.724023
653,0.726172
656,0.729395
658,0.71543
657,0.72832
656,0.726172
659,0.737988
655,0.729395
660,0.730469
658,0.729395
661,0.730469
660,0.729395
664,0.736914
661,0.731543
663,0.730469
662,0.730469
663,0.76377
665,0.732617
668,0.733691
667,0.730469
667,0.734766
670,0.736914
667,0.73584
671,0.732617
668,0.929199
674,0.73584
670,0.734766
674,0.734766
671,0.737988
675,0.737988
675,0.73584
675,0.739063
676,0.714355
676,0.737988
677,0.736914
677,0.737988
681,0.736914
678,0.740137
681,0.740137
680,0.740137
683,0.744434
682,0.739063
685,0.696094
684,0.742285
687,0.742285
687,0.741211
685,0.741211
690,0.750879
685,0.743359
690,0.742285
688,0.743359
694,0.745508
691,0.744434
694,0.743359
695,0.749805
696,0.745508
697,0.745508
695,0.518848
700,0.749805
699,0.747656
701,0.74873
700,0.74873
701,0.744434
703,0.742285
704,0.753027
706,0.768066
702,0.750879
710,0.750879
707,0.754102
709,0.753027
708,0.754102
711,0.757324
713,0.754102
713,0.755176
716,0.757324
715,0.755176
717,0.755176
717,0.757324
718,0.755176
725,0.757324
720,0.757324
725,0.743359
724,0.758398
726,0.761621
727,0.747656
729,0.759473
730,0.759473
732,0.75625
733,0.760547
732,0.761621
736,0.762695
739,0.762695
735,0
746,0.760547
739,0.764844
742,0.764844
746,0.765918
744,0.76377
750,0.762695
747,0.766992
749,0.765918
753,0.768066
750,0.779883
757,0.766992
759,0.768066
758,0.770215
762,0.765918
761,0.772363
764,0.772363
763,1.09893
768,0.773438
770,0.773438
770,0.775586
774,0.775586
774,0.778809
776,0.778809
783,0.778809
780,0.775586
783,0.779883
787,0.779883
787,0.782031
794,0.78418
791,0.78418
793,0.786328
798,0.787402
796,0.788477
803,0.788477
804,0.78418
808,0.791699
807,0.80459
812,0.794922
810,0.798145
814,0.79707
817,0.799219
814,0.799219
818,0.802441
821,0.800293
818,0.802441
823,0.801367
823,0.775586
823,0.802441
829,0.802441
826,0.806738
825,0.806738
830,0.808887
826,0.807813
828,0.819629
835,0.812109
828,0.813184
830,0.813184
833,0.815332
831,0.813184
834,1.03447
837,0.816406
833,0.81748
833,0.81748
837,0.81748
832,0.819629
837,0.818555
840,0.819629
838,0.819629
838,0.821777
844,0.819629
840,0.820703
841,0.823926
847,0.821777
842,0.825
847,0.823926
848,0.827148
848,0.825
844,0.826074
849,0.830371
849,0.829297
846,0.822852
850,0.829297
848,0.83252
845,0.830371
851,0.848633
852,0.831445
852,0.831445
851,0.83252
855,0.83252
853,0.833594
857,0.83252
858,0.833594
857,0.835742
858,0.834668
859,0.836816
859,0.834668
861,0.837891
864,0.838965
862,0.840039
861,0.840039
862,0.838965
865,0.857227
860,0.840039
861,0.841113
863,0.841113
865,0.841113
864,0.923828
867,0.843262
866,0.844336
865,0.843262
868,0.842188
866,0.846484
863,0.844336
868,0.843262
866,0.844336
867,0.844336
872,1.09893
869,0.847559
868,0.84541
870,0.847559
869,0.846484
870,0.848633
872,0.849707
874,0.850781
872,0.850781
873,0.849707
876,0.851855
876,0.846484
873,0.702539
877,0.85293
876,0.851855
881,0.85293
883,0.85293
880,0.85293
881,0.855078
887,0.854004
885,0.887305
882,0.857227
885,0.856152
883,0.857227
881,0.857227
882,0.861523
883,0.859375
882,0.860449
880,0.860449
884,0.858301
884,0.864746
881,0.859375
880,0.858301
886,0.858301
886,0.860449
883,0.860449
886,0.875488
887,0.860449
885,0.859375
888,0.518848
891,0.859375
887,0.859375
892,0.866895
893,0.862598
896,0.862598
892,0.864746
894,0.864746
900,0.863672
896,0.856152
897,0.86582
904,0.862598
902,0.802441
902,0.869043
908,0.866895
905,0.866895
902,0.74873
908,0.869043
910,0.869043
908,0.871191
909,0.869043
915,0.87334
911,0.872266
915,0.871191
915,0.871191
914,0.856152
919,0.874414
916,0.87334
920,0.874414
918,0.875488
927,0.875488
927,0.874414
933,0.872266
929,0.879785
931,0.877637
931,0.877637
930,0.879785
937,0.879785
935,0.879785
933,0.880859
934,0.881934
940,0.881934
941,0.880859
936,0.880859
940,0.883008
944,0.884082
944,0.884082
945,0.885156
946,0.887305
949,0.88623
949,0.888379
950,0.889453
951,0.889453
957,0.887305
954,0.888379
955,0.88623
956,0.889453
958,0.890527
960,0.891602
957,0.890527
958,0.892676
965,0.896973
964,0.892676
964,0.892676
967,0.89375
966,0.862598
971,0.894824
974,0.895898
972,0.896973
974,0.898047
984,0.904492
980,0.899121
983,0.899121
982,0.900195
990,0.899121
993,0.90127
990,0.903418
992,0.90127
990,0.904492
998,0.906641
999,0.905566
996,0.904492
999,0.905566
1001,0.905566
1007,0.907715
1009,0.907715
1008,0.874414
1014,0.912012
1012,0.91416
1016,0.913086
1017,0.912012
1019,0.91416
1024,0.915234
1029,0.915234
1030,0.912012
1031,0.918457
1035,0.918457
1040,0.919531
1041,0.910938
1043,0.894824
1047,0
1048,0.924902
1051,0.925977
1059,0.925977
1055,0.924902
1059,0.928125
1063,0.929199
1062,0.930273
1067,0.931348
1067,0.932422
1070,0.93457
1070,0.93457
1076,1.05059
1079,0.9625
1078,0.933496
1081,0.939941
1080,0.939941
1081,0.937793
1077,0.936719
1082,0.93457
1085,0.827148
1085,0.93457
1091,0.935645
1090,0.936719
1096,0.936719
1097,0.938867
1098,0.939941
1101,0.939941
1106,0.943164
1106,0.943164
1107,0.946387
1114,0.946387
1110,0.949609
1110,0.949609
1108,0.948535
1112,0.946387
1112,0.946387
1123,1.05811
1119,0.948535
1119,0.950684
1123,0.949609
1123,0.948535
1124,0.946387
1125,0.950684
1134,0.951758
1131,0.95498
1137,0.949609
1138,0.957129
1138,0.957129
1141,0.957129
1144,0.956055
1146,0.958203
1146,0.960352
1150,0.961426
1152,0.961426
1157,0.961426
1155,0.964648
1156,0.964648
1153,0.959277
1156,0.992578
1153,0.959277
1152,0.960352
1157,0.946387
1156,0.957129
1162,0.959277
1161,0.961426
1161,0.980762
1160,0.959277
1160,0.959277
1161,0.957129
1162,0.957129
1164,0.958203
1165,0.958203
1165,0.958203
1168,0.958203
1177,0.960352
1174,0.961426
1169,0.960352
1170,0.959277
1171,0.961426
1172,0.958203
1171,0.978613
1173,0.961426
1177,0.9625
1174,0.959277
1178,0.960352
1174,0.961426
1180,0.957129
1177,0.957129
1178,0.957129
1179,0.957129
1178,0.958203
1184,0.960352
1181,0.980762
1182,0.958203
1182,0.956055
1183,0.95498
1184,0.958203
1181,0.957129
1188,0.959277
1185,0.960352
1191,0.959277
1188,0.95498
1185,0.953906
1187,0.950684
1186,0.952832
1184,0.946387
1184,0.94209
1187,0.94209
1190,0.945313
1189,0.946387
1189,0.947461
1190,0.946387
1191,0.941016
1188,0.939941
1189,0.938867
1188,0.932422
1191,0.931348
1189,0.930273
1191,0.925977
1187,0.925977
1190,0.923828
1188,0.923828
1188,0.92168
1190,0.920605
1188,0.924902
1190,0.925977
1190,0.924902
1193,0.925977
1191,0.925977
1193,0.925977
1192,0.925977
1194,0.929199
1197,0.932422
1198,0.930273
1193,0.928125
1195,0.928125
1195,0.927051
1201,0.922754
1193,0.924902
1195,0.925977
1196,0.924902
1196,0.922754
1198,0.920605
1196,0.919531
1196,0.918457
1200,0.919531
1196,0.920605
1199,0.916309
1196,0.915234
1195,0.912012
1197,0.906641
1197,0.906641
1196,0.906641
1198,0.898047
1196,0.90127
1194,0.899121
1196,0.898047
1195,0.899121
1196,0.869043
1194,0.894824
1196,0.892676
1193,0.888379
1195,0.88623
1193,0.884082
1193,0.883008
1193,0.883008
1194,0.878711
1196,0.875488
1192,0.860449
1193,0.876563
1194,0.87334
1194,0.874414
1191,0.87334
1195,0.867969
1193,0.872266
1192,0.871191
1193,0.867969
1192,0.864746
1190,0.864746
1192,0.866895
1191,0.867969
1193,0.869043
1193,0.87334
1193,0.87334
1196,0.870117
1192,0.869043
1194,0.86582
1195,0.86582
1198,0.860449
1193,0.859375
1194,0.857227
1192,0.856152
1193,0.855078
1194,0.85293
1194,0.850781
1193,0.84541
1194,0.849707
1192,0.848633
1192,0.848633
1190,0.843262
1196,0.841113
1190,0.840039
1192,0.842188
1192,0.847559
1191,0.836816
1191,0.834668
1192,0.831445
1192,0.830371
1189,0.831445
1191,0.827148
1191,0.822852
1192,0.816406
1189,0.813184
1188,0.808887
1188,0.791699
1189,0.800293
1188,0.794922
1187,0.792773
1186,0.788477
1186,0.783105
1188,0.780957
1185,0.778809
1183,0.77666
1184,0.774512
1184,0.771289
1183,0.770215
1184,0.799219
1183,0.765918
1183,0.76377
1185,0.761621
1180,0.760547
1180,0.758398
1179,0.75625
1180,0.753027
1177,0.751953
1178,0.747656
1176,0.747656
1178,0.746582
1178,0.744434
1177,0.745508
1175,0.743359
1176,0.741211
1175,0.740137
1174,0.737988
1174,0.73584
1174,0.731543
1175,0.732617
1173,0.732617
1172,0.731543
1171,0.730469
1173,0.72832
1170,0.726172
1169,0.725098
1170,0.724023
1170,0.717578
1167,0.721875
1168,0.719727
1167,0.718652
1168,0.718652
1168,0.717578
1167,0.717578
1169,0.713281
1167,0.713281
1164,0.712207
1164,0.712207
1165,0.708984
1163,0.708984
1163,0.70791
1163,0.705762
1164,0.705762
1161,0.705762
1162,0.703613
1162,0.702539
1160,0.702539
1162,0.700391
1161,0.700391
1160,0.699316
1160,0.697168
1160,0.697168
1159,0.693945
1157,0.69502
1159,0.693945
1158,0.692871
1158,0.692871
1155,0.692871
1159,0.690723
1157,0.690723
1156,0.673535
1154,0.688574
1155,0.686426
1155,0.684277
1155,0.685352
1157,0.686426
1152,0.684277
1152,0.684277
1150,0.682129
1149,0.682129
1152,0.67998
1151,0.67998
1149,0.666016
1151,0.676758
1151,0.677832
1148,0.674609
1148,0.676758
1147,0.674609
1146,0.673535
1147,0.673535
1147,0.672461
1144,0.673535
1145,0.671387
1145,0.671387
1145,0.671387
1145,0.669238
1144,0.670313
1142,0.668164
1144,0.668164
1142,0.676758
1141,0.666016
1142,0.666016
1141,0.666016
1139,0.663867
1141,0.664941
1140,0.663867
1140,0.661719
1141,0.661719
1140,0.661719
1140,0.660645
1138,0.65957
1136,0.661719
1139,0.658496
1137,0.658496
1136,0.658496
1136,0.657422
1136,0.656348
1134,0.657422
1136,0.656348
1134,0.654199
1134,0.654199
1134,0.654199
1132,0.655273
1134,0.653125
1132,0.652051
1130,0.653125
1133,0.652051
1131,0.657422
1131,0.653125
1131,0.649902
1129,0.649902
1131,0.648828
1129,0.666016
1128,0.647754
1130,0.64668
1128,0.64668
1128,0.64668
1128,0.645605
1128,0.647754
1128,0.64668
1126,0.644531
1125,0.643457
1127,0.644531
1123,0.643457
1126,0.644531
1122,0.630566
1124,0.643457
1124,0.641309
1124,0.641309
1124,0.641309
1122,0.640234
1122,0.63916
1121,0.640234
1120,0.63916
1119,0.654199
1120,0.638086
1120,0.638086
1120,0.637012
1120,0.637012
1118,0.635938
1120,0.635938
1117,0.635938
1117,0.633789
1117,0.633789
1115,0.633789
1119,0.633789
1115,0.633789
1117,0.632715
1114,0.632715
1115,0.631641
1114,0.629492
1113,0.630566
1115,0.631641
1111,0.629492
1115,0.629492
1112,0.630566
1114,0.628418
1111,0.628418
1112,0.628418
1111,0.628418
1109,0.628418
1111,0.627344
1109,0.62627
1110,0.62627
1108,0.624121
1110,0.625195
1108,0.625195
1108,0.625195
1107,0.62627
1106,0.625195
1107,0.621973
1105,0.624121
1107,0.623047
1105,0.623047
1108,0.623047
1105,0.623047
1104,0.621973
1103,0.619824
1104,0.620898
1103,0.620898
1102,0.61875
1103,0.620898
1103,0.619824
1102,0.619824
1101,0.61875
1100,0.619824
1101,0.61875
1099,0
1100,0.617676
1097,0.617676
1099,0.616602
1095,0.616602
1099,0
1097,0.615527
1096,0.614453
1097,0.609082
1095,0.614453
1095,0
1094,0.613379
1093,0.613379
1093,0.612305
1094,0.612305
1094,0.612305
1091,0.613379
1093,0.613379
1089,0.61123
1093,0.612305
1090,0.61123
1092,0.61123
1089,0.61123
1091,0.610156
1089,0.61123
1089,0.610156
1088,0.609082
1088,0.609082
1088,0.609082
1088,0.609082
1088,0.608008
1087,0.606934
1087,0.601563
1086,0.608008
1085,0.606934
1086,0.608008
1084,0.608008
1085,0.606934
1087,0.606934
1083,0.606934
1084,0.606934
1081,0.605859
1084,0.613379
1080,0.605859
1084,0.604785
1082,0.604785
1082,0.603711
1081,0.603711
1079,0.604785
1081,0.603711
1078,0.603711
1080,0.608008
1079,0.601563
1080,0.602637
1078,0.602637
1078,0.601563
1078,0.601563
1076,0.601563
1077,0.600488
1076,0.601563
1078,0.601563
1075,0.601563
1076,0.592969
1074,0.600488
1074,0.600488
1074,0.600488
1073,0.600488
1077,0.599414
1073,0.59834
1072,0.599414
1072,0.600488
1072,0.597266
1071,0.59834
1071,0.597266
1072,0.597266
1071,0.596191
1071,0.597266
1069,0.597266
1069,0.597266
1069,0.59082
1069,0.595117
1070,0.595117
1068,0.595117
1068,0.597266
1066,0.596191
1067,0.595117
1067,0.59834
1065,0.596191
1068,0.595117
1065,0.595117
1065,0.596191
1064,0.594043
1063,0.587598
1065,0.592969
1063,0.595117
1062,0.592969
1061,0.592969
1064,0.592969
1059,0.591895
1063,0.592969
1061,0.591895
1062,0.582227
1060,0.591895
1058,0.592969
1061,0.59082
1058,0.591895
1060,0.591895
1059,0.59082
1058,0.591895
1058,0.59082
1058,0.59082
1056,0.59082
1057,0.59082
1057,0.59082
1058,0.589746
1055,0.589746
1055,0.59082
1054,0.589746
1055,0.588672
1053,0.587598
1056,0.588672
1053,0.587598
1052,0.589746
1054,0.587598
1050,0.588672
1053,0.588672
1054,0.588672
1051,0.587598
1051,0.588672
1050,0.587598
1050,0.587598
1050,0.586523
1051,0.587598
1050,0.587598
1049,0.586523
1048,0.586523
1047,0.586523
1048,0.585449
1047,0.586523
1049,0.585449
1047,0.585449
1044,0.585449
1047,0.585449
1044,0.585449
1046,0.585449
1046,0.584375
1046,0.585449
1042,0.584375
1044,0.585449
1043,0.584375
1043,0.585449
1044,0.582227
1043,0.585449
1040,0.585449
1043,0.583301
1039,0.584375
1042,0.585449
1042,0.583301
1040,0.583301
1039,0.583301
1040,0.583301
1039,0.583301
1038,0.583301
1042,0.583301
1038,0.582227
1035,0.583301
1039,0.583301
1036,0.582227
1037,0.582227
1038,0.583301
1036,0.583301
1035,0.582227
1034,0.584375
1036,0.583301
1034,0.583301
1035,0.583301
1034,0.583301
1032,0.582227
1033,0.582227
1033,0.581152
1034,0.582227
1032,0.580078
1031,0.582227
1032,0.581152
1029,0.581152
1031,0.581152
1032,0.581152
1030,0.582227
1028,0.581152
1029,0.582227
1029,0.583301
1028,0.582227
1030,0.584375
1028,0.582227
1027,0.586523
1026,0.582227
1027,0.583301
1028,0.582227
1027,0.582227
1025,0.581152
1026,0.581152
1023,0.580078
1026,0.583301
1025,0.583301
1024,0.583301
1022,0.586523
1023,0.588672
1024,0.59082
1023,0.595117
1022,0.59834
1023,0.601563
1020,0.602637
1021,0.606934
1022,0.610156
1022,0.610156
1020,0.61123
1020,0.614453
1019,0.615527
1020,0.615527
1021,0.616602
1018,0.61875
1017,0.616602
1019,0.617676
1018,0.61875
1018,0.620898
1017,0.61875
1016,0.619824
1016,0.61875
1014,0.61875
1017,0.619824
1017,0.619824
1014,0.617676
1013,0.61875
1014,0.617676
1015,0.61875
1014,0.616602
1013,0.617676
1012,0.610156
1012,0.616602
1013,0.616602
1011,0.616602
1012,0.613379
1011,0.616602
1009,0.615527
1009,0.615527
1010,0.617676
1011,0.617676
1009,0.614453
1007,0.616602
1007,0.620898
1008,0.616602
1011,0.615527
1008,0.616602
1005,0.616602
1006,0.616602
1006,0.615527
1008,0.617676
1005,0.617676
1003,0.617676
1006,0.61875
1004,0.617676
1006,0.616602
1004,0.61875
1001,0.617676
1004,0.617676
1003,0.616602
1004,0.616602
1001,0.616602
1000,0.616602
1002,0.615527
1000,0.615527
1004,0.612305
999,0.615527
999,0.615527
999,0.614453
999,0.614453
1002,0.615527
998,0.615527
996,0.613379
1000,0.613379
997,0.613379
1000,0.612305
996,0.612305
996,0.61123
997,0.612305
995,0.613379
998,0.61123
995,0.610156
992,0.61123
994,0.612305
994,0.61123
996,0.609082
994,0.61123
991,0.608008
994,0.609082
993,0.606934
994,0.608008
991,0.605859
990,0.608008
991,0.608008
991,0.606934
992,0.608008
989,0.608008
990,0.606934
990,0.608008
989,0.606934
989,0.606934
988,0.606934
987,0.605859
988,0.605859
988,0.603711
987,0.603711
987,0.604785
985,0.606934
987,0.602637
987,0.602637
985,0.604785
985,0.602637
982,0.603711
986,0.601563
985,0.602637
982,0.602637
983,0.602637
982,0.601563
984,0.603711
980,0.602637
982,0.600488
980,0.602637
983,0.602637
980,0.602637
979,0.600488
979,0.601563
979,0.599414
980,0.599414
979,0.599414
977,0.600488
979,0.599414
978,0.599414
978,0.59834
975,0.589746
975,0.597266
978,0.599414
977,0.59834
975,0.600488
976,0.599414
973,0.599414
976,0.59834
974,0.59834
973,0.59834
973,0.59834
973,0.599414
975,0.597266
973,0.597266
971,0.597266
972,0.597266
972,0.597266
971,0.597266
970,0.595117
969,0.596191
972,0.596191
971,0.596191
969,0.597266
969,0.596191
969,0.596191
970,0.596191
968,0.597266
966,0.595117
968,0.596191
967,0.595117
968,0.595117
966,0.594043
966,0.596191
966,0.595117
966,0.595117
966,0.595117
964,0.595117
963,0.597266
966,0.554297
965,0.592969
962,0.595117
963,0.591895
963,0.594043
964,0.592969
962,0.594043
961,0.594043
962,0.594043
962,0.594043
961,0.594043
959,0.592969
959,0.594043
961,0.591895
961,0.595117
958,0.592969
959,0.594043
958,0.591895
960,0.594043
957,0.591895
957,0.592969
959,0.591895
958,0.592969
957,0.59834
954,0.591895
959,0.591895
955,0.59082
953,0.591895
955,0.591895
954,0.591895
956,0.59082
952,0.591895
954,0.591895
954,0.591895
953,0.591895
952,0.591895
952,0.591895
951,0.591895
953,0.591895
950,0.591895
951,0.59082
950,0.592969
951,0.589746
950,0.59082
949,0.591895
947,0.591895
950,0.59082
950,0.604785
946,0.589746
948,0.589746
947,0.589746
948,0.591895
946,0.588672
945,0.59082
947,0.589746
947,0.589746
944,0.591895
944,0.589746
946,0.591895
946,0.59082
943,0.589746
944,0.59082
944,0.59082
944,0.591895
941,0.588672
944,0.57793
941,0.59082
944,0.591895
941,0.59082
939,0.592969
942,0.589746
941,0.59082
941,0.592969
939,0.592969
939,0.594043
942,0.595117
938,0.595117
937,0.597266
939,0.600488
939,0.59834
936,0.600488
937,0.600488
937,0.602637
938,0.601563
936,0.603711
934,0.606934
937,0.603711
936,0.605859
935,0.610156
934,0.609082
934,0.610156
935,0.61123
933,0.61123
933,0.610156
935,0.614453
933,0.614453
931,0.613379
932,0.615527
931,0.615527
934,0.630566
931,0.617676
932,0.616602
930,0.616602
929,0.616602
929,0.619824
929,0.61875
930,0.616602
928,0.613379
926,0.587598
930,0.614453
928,0.615527
925,0.613379
927,0.612305
928,0.613379
927,0.614453
925,0.612305
925,0.61123
927,0.613379
924,0.610156
924,0.61123
925,0.612305
924,0.610156
923,0.613379
923,0.61123
922,0.61123
925,0.61123
921,0.612305
921,0.610156
923,0.61123
922,0.610156
921,0.610156
921,0.608008
920,0.606934
921,0.610156
919,0.606934
919,0.608008
922,0.613379
919,0.605859
917,0.608008
918,0.608008
918,0.608008
917,0.603711
917,0.608008
916,0.608008
918,0.606934
916,0.608008
915,0.600488
917,0.602637
917,0.609082
913,0.605859
915,0.608008
915,0.605859
914,0.609082
913,0.609082
912,0.606934
915,0.606934
911,0.605859
911,0.604785
913,0.604785
913,0.604785
910,0.604785
911,0.604785
911,0.608008
911,0.600488
909,0.605859
909,0.602637
910,0.605859
908,0.603711
908,0.602637
910,0.603711
910,0.603711
906,0.604785
908,0.603711
908,0.601563
907,0.602637
906,0.603711
905,0.603711
907,0.603711
905,0.601563
904,0.602637
907,0.602637
905,0.602637
903,0.600488
904,0.601563
904,0.600488
903,0.601563
902,0.602637
902,0.601563
904,0.600488
901,0.602637
900,0.602637
904,0.602637
901,0.601563
900,0.603711
901,0.599414
901,0.601563
898,0.600488
899,0.601563
900,0.599414
900,0.602637
899,0.599414
897,0.597266
900,0.600488
896,0.601563
897,0.601563
898,0.600488
898,0.603711
895,0.597266
897,0.606934
896,0.601563
894,0.600488
896,0.599414
894,0.600488
896,0.601563
893,0.600488
893,0.601563
896,0.601563
892,0.600488
891,0.601563
893,0.606934
893,0.59834
891,0.600488
892,0.599414
892,0.599414
890,0.59834
890,0.601563
890,0.59834
892,0.599414
890,0.599414
888,0.599414
891,0.59834
887,0.59834
887,0.599414
890,0.599414
889,0.600488
887,0.601563
887,0.597266
888,0.616602
885,0.599414
886,0.59834
886,0.599414
887,0.59834
885,0.600488
883,0.601563
887,0.61875
883,0.601563
884,0.59834
887,0.599414
882,0.599414
882,0.59834
883,0.597266
884,0.604785
882,0.599414
882,0.599414
883,0.59834
880,0.599414
880,0.601563
881,0.59834
882,0.600488
879,0.597266
878,0.59834
881,0.600488
878,0.603711
878,0.604785
880,0.601563
878,0.597266
875,0.599414
879,0.597266
878,0.605859
876,0.59834
876,0.597266
877,0.597266
874,0.59834
877,0.600488
876,0.600488
874,0.597266
874,0.600488
874,0.599414
876,0.602637
873,0.597266
872,0.601563
875,0.599414
872,0.599414
873,0.600488
874,0.59834
872,0.61123
869,0.599414
873,0.599414
873,0.600488
869,0.596191
870,0.608008
871,0.600488
869,0.59834
870,0.599414
869,0.600488
867,0.59834
869,0.600488
869,0.59834
868,0.600488
866,0.597266
867,0.605859
868,0.600488
867,0.600488
865,0.599414
868,0.602637
865,0.599414
865,0.601563
867,0.599414
863,0.599414
863,0.597266
868,0.606934
864,0.599414
861,0.59834
864,0.601563
864,0.599414
861,0.600488
862,0.600488
863,0.600488
861,0.600488
861,0.59834
862,0.609082
859,0.601563
861,0.597266
861,0.603711
859,0.601563
859,0.623047
859,0.599414
861,0.603711
857,0.602637
857,0.596191
860,0.599414
857,0.600488
856,0.59834
858,0.602637
856,0.597266
856,0.597266
859,0.59834
854,0.600488
855,0.603711
857,0.599414
854,0.597266
854,0.602637
857,0.597266
854,0.609082
852,0.602637
854,0.600488
854,0.599414
852,0.602637
853,0.604785
854,0.601563
850,0.59834
852,0.601563
851,0.59834
851,0.601563
851,0.600488
851,0.906641
849,0.602637
850,0.600488
850,0.602637
848,0.600488
849,0.603711
850,0.602637
846,0.599414
849,0.601563
850,0.601563
845,0.604785
847,0.601563
849,0.619824
846,0.603711
845,0.601563
847,0.601563
847,0.604785
843,0.603711
845,0.602637
846,0.604785
843,0.605859
843,0.600488
846,0.602637
843,0.603711
841,0.604785
845,0.601563
843,0.605859
840,0.610156
845,0.613379
841,0.603711
840,0.829297
842,0.604785
841,0.603711
839,0.608008
841,0.604785
840,0.603711
839,0.603711
841,0.609082
838,0.605859
838,0.609082
840,0.605859
837,0.614453
837,0.600488
839,0.614453
836,0.602637
836,0.61875
838,0.605859
835,0.613379
836,0.604785
837,0.758398
833,0.605859
835,0.608008
836,0.603711
833,0.604785
834,0.606934
835,0.610156
832,0.605859
833,0.609082
834,0.606934
831,0.609082
832,0.606934
835,0.623047
830,0.606934
832,0.613379
832,0.602637
830,0.608008
830,0.606934
832,0.612305
828,0.608008
830,0.612305
831,0.608008
829,0.61123
828,0.608008
829,0.610156
828,0.609082
827,0.61123
829,0.625195
827,0.608008
826,0.615527
828,0.610156
827,0.612305
825,0.609082
828,0.614453
826,0.650977
823,0.605859
827,0.619824
824,0.61123
822,0.613379
826,0.606934
823,0.616602
823,0.645605
825,0.606934
823,0.616602
821,0.610156
825,0.613379
820,0.610156
822,0.615527
822,0.609082
820,0.610156
821,0.616602
821,0.615527
819,0.614453
822,0.613379
818,0.615527
819,0.614453
821,0.610156
816,0.617676
819,0.620898
819,0.61123
816,0.615527
