367,0.661719
366,0.652051
371,0.614453
372,0.662793
370,0.136426
374,0.623047
376,0.655273
375,0.682129
377,0.637012
378,0.658496
379,0.655273
378,0.634863
382,0.648828
384,0.661719
384,0.671387
383,0.641309
386,0.645605
386,0.66709
389,0.669238
389,0.642383
388,0.644531
391,0.666016
392,0.644531
391,0.640234
391,0.653125
395,0.653125
397,0.647754
394,0.655273
398,0.653125
400,0.666016
396,0.641309
400,0.655273
403,0.64668
403,0.65957
403,0.629492
405,0.64668
404,0.649902
408,0.648828
408,0.690723
408,0.640234
411,0.652051
410,0.657422
410,0.668164
414,0.649902
416,0.641309
414,0.650977
417,0.66709
417,0.67998
416,0.655273
422,0.620898
420,0.649902
421,0.673535
423,0.768066
423,0.643457
423,0.634863
426,0.655273
428,0.673535
426,0.870117
429,0.643457
429,0.627344
430,0.647754
432,0.660645
433,0.650977
433,0.645605
438,0.635938
434,0.663867
439,0.668164
440,0.649902
438,0.638086
443,0.630566
440,0.642383
443,0.661719
447,0.673535
444,0.943164
447,0.637012
446,0.630566
449,0.63916
449,0.657422
452,0.66709
450,0.660645
451,0.640234
454,0.632715
452,0.633789
458,0.640234
455,0.657422
458,0.675684
459,0.668164
458,0.632715
461,0.647754
464,0.643457
462,0.648828
465,0.65957
466,0.652051
467,0.661719
471,0.664941
468,0.628418
471,0.642383
471,0.643457
471,0.634863
475,0.653125
474,0.657422
476,0.655273
477,0.662793
476,0.663867
477,0.62627
479,0.638086
476,0.642383
483,0.677832
477,0.64668
482,0.65957
482,0.658496
480,0.664941
481,0.682129
482,0.673535
481,0.647754
485,0.631641
481,0.645605
484,0.663867
485,0.648828
482,0.65957
488,0.661719
484,0.658496
488,0.663867
486,0.668164
486,0.669238
489,0.645605
487,0.641309
487,0.634863
488,0.650977
489,0.645605
489,0.656348
493,0.657422
489,0.658496
490,0.657422
490,0.656348
491,0.650977
493,0.6875
490,0.64668
491,0.648828
497,0.65957
495,0.654199
491,0.656348
497,0.660645
494,0.65957
497,0.661719
498,0.666016
495,0.663867
498,0.672461
495,0.769141
498,0.648828
498,0.644531
497,0.63916
501,0.641309
496,0.672461
500,0.650977
500,0.654199
497,0.654199
502,0.657422
499,0.66709
502,0.661719
501,0.658496
499,0.662793
503,0.674609
499,0.647754
503,0.64668
504,0.644531
500,0.640234
506,0.645605
501,0.644531
505,0.654199
505,0.655273
501,0.65957
507,0.64668
502,0.657422
507,0.653125
508,0.666016
504,0.653125
508,0.666016
506,0.666016
508,0.658496
510,0.724023
505,0.64668
511,0.650977
506,0.647754
509,0.641309
513,0.650977
510,0.644531
510,0.656348
510,0.656348
511,0.656348
512,0.657422
512,0.657422
511,0.65957
512,0.660645
516,0.657422
512,0.658496
514,0.662793
514,0.65957
512,0.660645
518,0.658496
515,0.662793
516,0.662793
516,0.658496
515,0.657422
520,0.653125
516,0.640234
518,0.653125
518,0.648828
519,0.653125
521,0.643457
519,0.649902
520,0.652051
517,0.657422
523,0.647754
522,0.652051
519,0.653125
524,0.655273
522,0.654199
523,0.655273
524,0.657422
525,0.649902
526,0.65957
524,0.660645
529,0.658496
524,0.656348
527,0.661719
529,0.65957
525,0.666016
530,0.666016
529,0.661719
529,0.674609
530,0.661719
531,0.663867
533,0.666016
530,0.664941
533,0.664941
532,0.671387
535,0.657422
534,0.664941
536,0.672461
538,0.661719
534,0.653125
540,0.660645
536,0.668164
536,0.658496
538,0.660645
540,0.664941
542,0.671387
537,0.670313
541,0.663867
538,0.669238
543,0.660645
540,0.663867
543,0.664941
544,0.65957
542,0.65957
545,0.662793
543,0.65957
546,0.657422
542,0.660645
548,0.648828
547,0.658496
547,0.656348
547,0.677832
544,0.660645
551,0.657422
548,0.656348
548,0.65957
547,0.657422
549,0.661719
551,0.65957
548,0.657422
550,0.65957
550,0.65957
554,0.657422
552,0.658496
553,0.669238
553,0.668164
554,0.660645
556,0.663867
552,0.668164
556,0.664941
554,0.65957
559,0.668164
556,0.672461
556,0.663867
555,0.660645
558,0.666016
559,0.661719
555,0.661719
558,0.666016
562,0.663867
559,0.65957
559,0.657422
559,0.663867
561,0.663867
561,0.65957
559,0.661719
562,0.663867
559,0.786328
565,0.66709
563,0.661719
563,0.666016
563,0.670313
564,0.663867
566,0.66709
565,0.668164
565,0.664941
563,0.668164
570,0.664941
566,0.664941
568,0.662793
566,0.669238
570,0.669238
570,0.660645
571,0.663867
572,0.666016
571,0.673535
572,0.669238
571,0.670313
576,0.670313
572,0.66709
577,0.676758
575,0.66709
576,0.666016
575,0.663867
577,0.66709
577,0.661719
576,0.661719
578,0.683203
578,0.670313
581,0.664941
578,0.66709
580,0.669238
580,0.663867
585,0.663867
582,0.666016
582,0.661719
581,0.661719
585,0.662793
585,0.661719
586,0.644531
585,0.664941
586,0.669238
589,0.666016
587,0.664941
587,0.669238
587,0.663867
592,0.662793
588,0.663867
593,0.663867
587,0.648828
595,0.664941
592,0.664941
593,0.661719
591,0.666016
592,0.666016
594,0.668164
595,0.661719
594,0.657422
596,0.77666
598,0.664941
596,0.666016
597,0.664941
595,0.674609
602,0.666016
599,0.666016
598,0.663867
606,0.669238
600,0.664941
602,0.65957
601,0.672461
606,0.664941
602,0.664941
606,0.660645
603,0.663867
608,0.66709
604,0.663867
605,0.671387
606,0.664941
608,0.664941
608,0.664941
607,0.663867
609,0.67998
611,0.660645
611,0.672461
612,0.673535
611,0.664941
612,0.668164
613,0.664941
613,0.623047
612,0.666016
612,0.671387
615,0.666016
615,0.664941
616,0.664941
616,0.663867
618,0.760547
614,0.666016
615,0.671387
614,0.666016
618,0.666016
617,0.666016
618,0.664941
621,0.666016
621,0.669238
619,0.670313
619,0.66709
617,0.664941
620,0.666016
620,0.677832
622,0.662793
619,0.668164
624,0.672461
620,0.666016
622,0.663867
620,0.6875
626,0.668164
622,0.668164
624,0.668164
622,0.666016
630,0.668164
626,0.601563
627,0.664941
626,0.673535
632,0.666016
627,0.668164
630,0.668164
628,0.805664
632,0.668164
629,0.668164
632,0.668164
631,0.668164
635,0.66709
634,0.66709
634,0.66709
633,0.66709
636,0.668164
634,0.669238
638,0.663867
636,0.666016
639,0.673535
639,0.670313
639,0.606934
641,0.669238
640,0.671387
641,0.671387
640,0.668164
643,0.661719
643,0.671387
642,0.669238
644,0.671387
644,0.671387
644,0.672461
644,0.671387
647,0.671387
645,0.672461
647,0.670313
646,0.66709
650,0.670313
646,0.672461
652,0.671387
647,0.655273
653,0.672461
649,0.672461
651,0.674609
648,0.672461
653,0.672461
651,0.66709
653,0.671387
652,0.673535
655,0.670313
654,0.669238
654,0.672461
655,0.671387
656,0.677832
655,0.669238
654,0.670313
659,0.668164
658,0.671387
658,0.660645
655,0.66709
661,0.668164
657,0.668164
660,0.674609
656,0.649902
662,0.674609
659,0.668164
661,0.674609
660,0.670313
663,0.669238
660,0.669238
663,0.669238
664,0.668164
664,1.09893
664,0.668164
663,0.669238
667,0.671387
666,0.655273
666,0.668164
663,0.66709
667,0.668164
667,0.742285
670,0.666016
667,0.677832
672,0.670313
668,1.09893
668,0.663867
670,0.663867
671,0.669238
674,0.994727
671,0.664941
675,0.666016
673,0.664941
676,0.674609
673,0.663867
679,0.666016
676,0.669238
677,0.663867
676,0.663867
677,0.664941
678,0.660645
679,0.664941
681,0.664941
679,0.668164
680,0.673535
677,0.656348
684,0.662793
681,0.666016
685,0.658496
683,0.663867
684,0.663867
681,0.658496
685,0.628418
688,0.660645
686,0.661719
689,0.673535
685,0.664941
690,0.65957
686,0.664941
689,0.662793
689,0.660645
691,0.662793
691,0.666016
692,0.661719
695,0.663867
691,0.663867
693,0.613379
694,0.660645
699,0.662793
695,0.623047
696,0.660645
697,0.65957
699,0.641309
699,0.65957
698,0.65957
705,0.660645
700,0.552148
703,0.65957
701,0.65957
703,0.65957
704,0.658496
704,0.658496
707,0.649902
705,0.658496
708,0.65957
705,0.654199
708,0.656348
709,0.65957
710,0.647754
713,0.660645
708,0.660645
712,0.658496
711,0.656348
713,0.658496
712,0.657422
713,0.655273
718,0.658496
714,0.657422
717,0.587598
716,0.658496
718,0.65957
715,0.655273
718,0.658496
724,0.657422
718,0.686426
724,0.65957
723,0.660645
724,0.658496
724,0.65957
724,0.692871
728,0.658496
725,0.658496
730,0.656348
728,0.663867
729,0.658496
732,0.656348
728,0.658496
735,0.658496
734,0.657422
732,0.65957
737,0.656348
736,0.660645
739,0.657422
739,0.654199
742,0.658496
740,0.656348
742,0.656348
744,0.638086
742,0.57793
745,0.657422
746,0.656348
747,0.655273
750,0.686426
745,0.62627
754,0.656348
751,0.655273
753,0.654199
755,0.657422
754,0.652051
757,0.655273
757,0.652051
760,0.654199
760,0.654199
761,0.653125
764,0.655273
765,0.650977
765,0.655273
773,0.654199
769,0.654199
769,0.655273
774,0.655273
771,0.655273
776,0.656348
776,0.657422
778,0.655273
780,0.658496
781,0.655273
784,0.605859
787,0.658496
782,0.662793
791,0.664941
787,0.662793
791,0.662793
794,0.66709
795,0.666016
795,0.669238
800,0.670313
800,0.672461
803,0.672461
806,0.664941
805,0.676758
809,0.678906
810,0.681055
814,0.682129
815,0.685352
818,0.685352
821,0.685352
825,0.6875
824,0.692871
831,0.691797
831,0.755176
830,0.697168
835,0.698242
838,0.698242
841,0.676758
841,0.701465
843,0.701465
845,0.702539
848,0.705762
853,0.703613
854,0.704688
857,0.708984
861,0.711133
860,0.714355
862,0.712207
865,0.717578
868,0.719727
869,0.717578
872,0.725098
879,0.799219
878,0.720801
878,0.725098
885,0.736914
884,0.727246
886,0.730469
894,0.731543
894,0.730469
897,0.73584
898,0.739063
903,0.726172
905,0.740137
907,0.703613
908,0.668164
920,0.749805
912,0.74873
915,0.751953
923,0.754102
923,0.753027
927,0.757324
925,0.760547
931,0.761621
932,0.755176
939,0.755176
930,0.758398
940,0.73584
939,0.764844
939,0.769141
943,0.77666
946,0.778809
949,0.779883
950,0.783105
951,0.78418
959,0.771289
956,0.792773
961,0.795996
962,0.794922
966,0.800293
972,0.80459
971,0.807813
972,0.809961
976,0.822852
984,0.813184
980,0.818555
981,0.823926
983,0.825
989,0.829297
994,0.831445
992,0.834668
992,0.833594
997,0.840039
1002,0.843262
1003,0.848633
1007,0.863672
1004,0.856152
1009,0.857227
1014,0.860449
1017,0.842188
1018,0.863672
1018,0.864746
1022,0.889453
1027,0.875488
1026,0.877637
1031,0.883008
1032,0.885156
1034,0.887305
1034,0.876563
1034,0.89375
1041,0.884082
1041,0.88623
1041,0.894824
1048,0.900195
1045,0.826074
1054,0.902344
1054,0.896973
1053,0.902344
1058,0.909863
1057,0.91416
1061,0.913086
1063,0.915234
1068,0.924902
1070,0.925977
1070,0.928125
1072,0.932422
1077,0.93457
1077,0.937793
1076,0.938867
1087,0.905566
1085,0.944238
1089,0.947461
1088,0.949609
1099,0.94209
1095,1.07744
1102,0.95498
1101,0.956055
1104,0.957129
1106,0.957129
1107,0.958203
1110,0.959277
1111,0.961426
1113,0.960352
1116,0.959277
1118,0.941016
1124,0.956055
1124,0.965723
1126,0.968945
1126,0.971094
1129,0.971094
1133,0.971094
1133,0.975391
1135,0.978613
1138,0.957129
1140,0.97002
1144,0.980762
1148,1.00869
1149,0.98291
1152,0.986133
1153,0.968945
1153,1.01729
1156,0.988281
1160,0.989355
1158,0.986133
1160,0.978613
1161,0.988281
1165,0.980762
1162,0.975391
1161,0.967871
1160,0.9625
1160,0.9625
1164,0.963574
1161,0.974316
1162,0.979688
1166,0.856152
1164,0.957129
1164,0.948535
1165,0.943164
1161,0.94209
1168,0.950684
1164,0.959277
1168,0.959277
1169,0.947461
1170,0.938867
1168,0.93457
1166,0.933496
1166,0.93457
1166,0.922754
1168,0.949609
1168,0.946387
1170,0.938867
1173,0.945313
1172,0.951758
1171,0.94209
1172,0.935645
1172,0.931348
1171,0.925977
1170,0.920605
1171,0.906641
1172,0.920605
1172,0.927051
1169,0.94209
1175,0.931348
1172,0.917383
1172,0.909863
1173,0.906641
1172,0.903418
1170,0.900195
1168,0.90127
1172,0.910938
1170,0.915234
1169,0.909863
1170,0.909863
1176,0.905566
1173,0.895898
1173,0.896973
1172,0.904492
1175,0.918457
1173,0.851855
1174,0.915234
1172,0.910938
1174,0.92168
1177,0.915234
1179,0.966797
1177,0.918457
1175,0.910938
1178,0.915234
1174,0.923828
1175,0.907715
1178,0.931348
1178,0.903418
1175,0.895898
1175,0.890527
1175,0.88623
1174,0.888379
1175,0.885156
1174,0.881934
1176,0.878711
1176,0.874414
1172,0.87334
1176,0.866895
1172,0.869043
1173,0.871191
1172,0.872266
1173,0.883008
1173,0.885156
1175,0.889453
1178,0.869043
1174,0.899121
1177,0.888379
1177,0.878711
1174,0.870117
1173,0.869043
1173,0.86582
1174,0.863672
1175,0.860449
1171,0.859375
1173,0.850781
1170,0.843262
1174,0.842188
1170,0.835742
1170,0.831445
1174,0.830371
1170,0.823926
1170,0.819629
1169,0.815332
1169,0.811035
1166,0.807813
1167,0.803516
1167,0.800293
1166,0.795996
1164,0.792773
1167,0.789551
1164,0.787402
1164,0.785254
1164,0.783105
1166,0.782031
1163,0.779883
1162,0.777734
1162,0.775586
1160,0.773438
1160,0.771289
1160,0.771289
1163,0.770215
1159,0.766992
1158,0.764844
1157,0.762695
1159,0.758398
1158,0.755176
1158,0.755176
1159,0.754102
1157,0.753027
1155,0.750879
1157,0.749805
1155,0.745508
1151,0.743359
1154,0.743359
1154,0.745508
1152,0.740137
1151,0.737988
1154,0.734766
1150,0.734766
1152,0.734766
1153,0.732617
1153,0.729395
1148,0.729395
1149,0.72832
1147,0.724023
1151,0.724023
1146,0.721875
1147,0.717578
1148,0.719727
1146,0.719727
1145,0.713281
1147,0.71543
1145,0.713281
1144,0.708984
1144,0.710059
1141,0.708984
1143,0.705762
1142,0.714355
1142,0.705762
1143,0.703613
1143,0.703613
1140,0.697168
1141,0.700391
1140,0.698242
1140,0.698242
1141,0.697168
1137,0.69502
1136,0.693945
1137,0.692871
1137,0.691797
1134,0.693945
1137,0.689648
1135,0.686426
1136,0.6875
1137,0.685352
1134,0.685352
1135,0.683203
1132,0.683203
1133,0.681055
1132,0.67998
1132,0.678906
1130,0.677832
1132,0.677832
1130,0.673535
1131,0.675684
1130,0.674609
1129,0.673535
1130,0.671387
1127,0.670313
1129,0.671387
1127,0.669238
1127,0.669238
1126,0.668164
1128,0.664941
1127,0.664941
1126,0.664941
1125,0.661719
1125,0.663867
1125,0.661719
1122,0.660645
1124,0.660645
1122,0.658496
1123,0.657422
1121,0.657422
1125,0.656348
1122,0.652051
1121,0.655273
1122,0.654199
1118,0.654199
1121,0.653125
1117,0.653125
1119,0.650977
1118,0.649902
1119,0.648828
1118,0.649902
1118,0.647754
1117,0.645605
1115,0.647754
1116,0.644531
1114,0.644531
1114,0.642383
1115,0.642383
1114,0.807813
1114,0.641309
1112,0.638086
1112,0.640234
1111,0.638086
1111,0.63916
1111,0.637012
1111,0.634863
1111,0.631641
1110,0.635938
1110,0.634863
1109,0.536035
1107,0.634863
1108,0.631641
1109,0.629492
1107,0.629492
1107,0.629492
1107,0.629492
1107,0.628418
1108,0.628418
1107,0.627344
1104,0.625195
1105,0.624121
1102,0.623047
1104,0.623047
1103,0.624121
1104,0.623047
1103,0.623047
1101,0.621973
1102,0.623047
1099,0.582227
1102,0.620898
1099,0.619824
1102,0.619824
1098,0.617676
1101,0.617676
1099,0.616602
1099,0.616602
1096,0.615527
1097,0.614453
1097,0.616602
1096,0.612305
1097,0.61123
1097,0.61123
1097,0.610156
1096,0.609082
1094,0.609082
1095,0.608008
1092,0.609082
1096,0.609082
1093,0.609082
1097,0.606934
1092,0.608008
1092,0.606934
1090,0.605859
1092,0.604785
1090,0.605859
1090,0.606934
1090,0.606934
1090,0.608008
1089,0.601563
1089,0.603711
1086,0.602637
1089,0.603711
1085,0.600488
1089,0.59834
1087,0.600488
1089,0.59834
1086,0.59834
1084,0.600488
1086,0.597266
1083,0.59834
1085,0.597266
1084,0.597266
1083,0.595117
1083,0.595117
1081,0.596191
1081,0.595117
1081,0.558594
1080,0.594043
1082,0.595117
1082,0.591895
1079,0.592969
1079,0.594043
1078,0.592969
1079,0.591895
1077,0.589746
1079,0.589746
1078,0.588672
1077,0.588672
1077,0.59082
1074,0.583301
1078,0.587598
1074,0.587598
1076,0.587598
1076,0.587598
1074,0.581152
1074,0.585449
1071,0.585449
1074,0.586523
1070,0.585449
1074,0.575781
1072,0.584375
1071,0.584375
1072,0.584375
1069,0.583301
1071,0.583301
1069,0.583301
1071,0.583301
1070,0.581152
1069,0.580078
1069,0.581152
1065,0.581152
1069,0.57793
1065,0.57793
1068,0.579004
1067,0.579004
1066,0.576855
1065,0.57793
1064,0.57793
1064,0.582227
1064,0.575781
1064,0.572559
1064,0.576855
1063,0.575781
1063,0.57793
1061,0.576855
1062,0.572559
1062,0.575781
1063,0.574707
1061,0.573633
1060,0.573633
1059,0.575781
1058,0.567188
1061,0.572559
1058,0.574707
1060,0.569336
1059,0.571484
1056,0.572559
1058,0.566113
1054,0.57041
1058,0.57041
1056,0.568262
1057,0.569336
1057,0.568262
1052,0.569336
1055,0.569336
1053,0.565039
1054,0.569336
1054,0.566113
1054,0.568262
1052,0.567188
1052,0.567188
1051,0.567188
1051,0.565039
1053,0.566113
1050,0.563965
1050,0.565039
1050,0.566113
1046,0.563965
1051,0.565039
1048,0.562891
1049,0.561816
1048,0.565039
1046,0.562891
1047,0.562891
1046,0.559668
1047,0.562891
1046,0.566113
1046,0.561816
1044,0.560742
1043,0.563965
1046,0.561816
1043,0.562891
1045,0.560742
1043,0.560742
1041,0.559668
1043,0.558594
1041,0.558594
1043,0.560742
1041,0.558594
1043,0.559668
1039,0.558594
1039,0.561816
1041,0.55752
1039,0.560742
1040,0.55752
1040,0.558594
1036,0.556445
1038,0.55752
1036,0.55752
1039,0.554297
1037,0.555371
1036,0.55752
1035,0.556445
1034,0.556445
1037,0.553223
1034,0.554297
1035,0.554297
1034,0.554297
1032,0.554297
1033,0.554297
1033,0.555371
1035,0.553223
1032,0.554297
1030,0.553223
1032,0.554297
1030,0.553223
1031,0.553223
1032,0.553223
1030,0.552148
1027,0.552148
1028,0.555371
1030,0.554297
1028,0.552148
1029,0.553223
1027,0.552148
1026,0.551074
1027,0.553223
1025,0.552148
1029,0.548926
1026,0.551074
1023,0.55
1026,0.551074
1024,0.548926
1025,0.55
1024,0.55
1024,0.548926
1022,0.548926
1020,0.55
1024,0.548926
1024,0.548926
1021,0.548926
1021,0.55
1021,0.551074
1021,0.548926
1019,0.551074
1021,0.548926
1019,0.548926
1017,0.548926
1019,0.55
1017,0.548926
1021,0.548926
1017,0.55
1015,0.548926
1018,0.544629
1016,0.547852
1017,0.504883
1015,0.544629
1014,0.546777
1016,0.551074
1012,0.54248
1016,0.546777
1014,0.548926
1013,0.54248
1013,0.546777
1009,0.548926
1014,0.544629
1013,0.547852
1012,0.547852
1009,0.547852
1009,0.548926
1012,0.547852
1011,0.546777
1009,0.548926
1008,0.545703
1008,0.547852
1010,0.55
1009,0.547852
1008,0.546777
1007,0.544629
1008,0.547852
1005,0.547852
1007,0.546777
1005,0.545703
1004,0.547852
1005,0.545703
1004,0.546777
1005,0.544629
1004,0.547852
1002,0.546777
1003,0.546777
1001,0.547852
1004,0.547852
1002,0.546777
1000,0.547852
1002,0.547852
1000,0.543555
1002,0.546777
1000,0.541406
998,0.541406
999,0.545703
998,0.545703
1002,0.547852
997,0.544629
997,0.545703
998,0.545703
996,0.544629
998,0.546777
996,0.545703
995,0.546777
995,0.544629
995,0.546777
994,0.545703
993,0.546777
994,0.547852
994,0.545703
994,0.545703
991,0.547852
992,0.546777
993,0.547852
992,0.545703
991,0.544629
990,0.544629
989,0.547852
991,0.545703
991,0.548926
989,0.544629
988,0.546777
987,0.545703
989,0.545703
989,0.546777
989,0.547852
987,0.55
984,0.546777
988,0.55
987,0.546777
984,0.546777
986,0.547852
984,0.545703
986,0.546777
985,0.545703
982,0.545703
983,0.544629
983,0.544629
986,0.546777
982,0.546777
981,0.539258
981,0.545703
981,0.545703
983,0.545703
980,0.545703
979,0.547852
981,0.545703
980,0.544629
979,0.545703
978,0.552148
977,0.544629
979,0.547852
979,0.546777
977,0.546777
977,0.546777
976,0.55
978,0.546777
976,0.545703
974,0.543555
976,0.544629
974,0.546777
977,0.545703
974,0.545703
972,0.546777
973,0.547852
973,0.547852
974,0.545703
972,0.546777
970,0.545703
973,0.546777
972,0.546777
972,0.547852
970,0.546777
968,0.546777
972,0.546777
970,0.548926
968,0.547852
970,0.546777
968,0.546777
970,0.546777
968,0.546777
966,0.545703
967,0.547852
967,0.546777
967,0.541406
965,0.545703
965,0.546777
967,0.547852
965,0.547852
964,0.548926
965,0.546777
962,0.545703
966,0.546777
963,0.548926
962,0.544629
963,0.548926
962,0.548926
963,0.546777
960,0.547852
960,0.547852
962,0.548926
961,0.546777
960,0.548926
960,0.547852
957,0.545703
963,0.545703
958,0.543555
957,0.545703
958,0.546777
957,0.546777
959,0.546777
955,0.546777
955,0.543555
958,0.547852
956,0.546777
954,0.546777
956,0.546777
954,0.548926
957,0.546777
954,0.55
952,0.547852
954,0.547852
954,0.546777
954,0.547852
952,0.546777
950,0.546777
953,0.545703
952,0.545703
949,0.547852
950,0.552148
951,0.545703
951,0.547852
948,0.547852
947,0.548926
951,0.544629
949,0.548926
947,0.547852
949,0.546777
947,0.544629
949,0.545703
946,0.547852
946,0.546777
947,0.545703
946,0.55
945,0.546777
945,0.547852
944,0.547852
947,0.55
944,0.546777
942,0.547852
944,0.546777
944,0.545703
943,0.544629
942,0.548926
940,0.545703
945,0.547852
941,0.547852
940,0.547852
940,0.547852
941,0.547852
940,0.55
937,0.545703
941,0.548926
938,0.547852
938,0.548926
938,0.547852
938,0.547852
937,0.55
937,0.547852
934,0.545703
939,0.548926
935,0.547852
934,0.547852
935,0.548926
935,0.55
935,0.547852
934,0.547852
932,0.546777
936,0.546777
932,0.547852
931,0.55
933,0.548926
933,0.548926
931,0.548926
931,0.547852
930,0.548926
932,0.547852
930,0.546777
928,0.547852
931,0.547852
929,0.548926
928,0.547852
929,0.55
927,0.547852
930,0.548926
927,0.548926
925,0.551074
928,0.548926
928,0.548926
924,0.548926
926,0.55
927,0.548926
926,0.548926
925,0.548926
922,0.548926
927,0.55
925,0.551074
922,0.546777
923,0.547852
923,0.547852
923,0.55
922,0.547852
920,0.546777
923,0.551074
922,0.548926
918,0.546777
922,0.548926
921,0.548926
918,0.547852
921,0.548926
918,0.545703
921,0.547852
918,0.55
916,0.547852
920,0.552148
918,0.548926
915,0.547852
917,0.55
918,0.55
916,0.548926
915,0.551074
914,0.55
917,0.55
914,0.55
912,0.55
915,0.55
913,0.548926
913,0.551074
913,0.548926
913,0.551074
912,0.548926
911,0.55
913,0.548926
910,0.55
909,0.548926
912,0.551074
910,0.548926
909,0.554297
909,0.55
910,0.552148
910,0.55
907,0.55
907,0.548926
910,0.552148
905,0.551074
906,0.55
908,0.55
907,0.551074
905,0.548926
906,0.55
906,0.548926
905,0.55
904,0.55
903,0.551074
906,0.548926
902,0.556445
902,0.55
905,0.551074
904,0.55
901,0.551074
902,0.548926
902,0.551074
901,0.548926
900,0.55
900,0.551074
903,0.551074
899,0.55
898,0.548926
902,0.551074
899,0.551074
896,0.548926
899,0.552148
899,0.55
896,0.551074
898,0.551074
898,0.55
897,0.541406
896,0.55
894,0.55
898,0.551074
894,0.551074
894,0.553223
897,0.551074
895,0.551074
892,0.552148
894,0.553223
894,0.551074
892,0.553223
893,0.553223
892,0.551074
894,0.561816
891,0.55
890,0.55
893,0.555371
889,0.552148
890,0.551074
893,0.55
890,0.552148
888,0.552148
889,0.55
889,0.552148
887,0.552148
889,0.55
890,0.553223
887,0.552148
887,0.551074
885,0.55
889,0.552148
886,0.554297
884,0.551074
889,0.551074
884,0.552148
882,0.551074
886,0.55
885,0.552148
883,0.55
885,0.551074
884,0.551074
881,0.552148
883,0.548926
883,0.552148
883,0.552148
881,0.55
880,0.55
883,0.552148
879,0.55
879,0.551074
883,0.551074
878,0.548926
878,0.551074
881,0.55
880,0.552148
877,0.548926
878,0.552148
877,0.551074
877,0.551074
877,0.551074
877,0.552148
877,0.548926
875,0.552148
875,0.551074
877,0.545703
875,0.551074
873,0.551074
876,0.551074
873,0.551074
872,0.551074
876,0.55
873,0.551074
870,0.554297
874,0.551074
873,0.551074
871,0.552148
871,0.552148
873,0.551074
869,0.551074
872,0.552148
871,0.551074
868,0.55
869,0.55
870,0.55
870,0.55
868,0.552148
866,0.551074
