274,0.838965
275,0.872266
277,0.828223
280,0.870117
279,1.09893
279,0.847559
284,1.09893
284,0.851855
285,0.976465
285,0.836816
286,0.93457
289,0.818555
291,0.879785
290,0.814258
292,0.869043
295,1.09893
297,0.847559
297,1.00547
297,0.835742
300,0.899121
301,0.811035
302,0.878711
302,0.822852
305,0.843262
308,0.939941
308,0.813184
309,0.876563
311,0.798145
313,0.851855
314,1.09893
313,0.828223
316,0.872266
319,0.803516
319,0.842188
320,1.02158
322,0.814258
324,0.857227
324,0.790625
325,0.819629
328,0.880859
331,0.794922
331,0.843262
332,1.09893
334,0.805664
337,0.860449
335,0.791699
340,0.821777
342,0.872266
343,0.791699
343,0.805664
345,0.856152
347,0.780957
348,0.801367
348,0.844336
353,0.779883
354,0.805664
354,0.862598
357,0.785254
359,0.780957
358,0.862598
359,0.788477
363,0.793848
365,0.833594
365,1.09893
367,0.786328
368,0.81748
368,0.892676
369,0.774512
375,0.855078
372,0.772363
375,0.753027
377,0.818555
375,1.09893
379,0.770215
380,0.816406
379,0.870117
381,0.77666
384,0.757324
383,0.835742
382,1.09893
386,0.789551
388,0.806738
386,0.854004
387,0.777734
390,0.778809
389,0.811035
392,0.866895
393,0.768066
393,0.746582
395,0.819629
396,0.90127
395,0.775586
396,0.764844
400,0.818555
401,0.916309
399,0.774512
404,0.76377
403,0.826074
402,0.880859
405,0.770215
409,0.790625
406,0.816406
409,0.848633
411,0.768066
409,0.771289
411,0.787402
414,0.808887
414,0.910938
415,0.768066
417,0.835742
417,0.802441
417,0.844336
421,1.09893
420,0.762695
420,0.777734
424,0.792773
423,0.854004
425,0.761621
427,0.771289
425,0.789551
428,0.807813
431,0.821777
428,1.09893
432,0.760547
434,0.744434
431,0.800293
437,0.830371
434,0.903418
436,0.75625
440,0.770215
437,0.793848
440,0.821777
441,0.840039
441,1.09893
444,0.759473
444,0.770215
447,0.779883
446,0.813184
450,0.830371
446,0.899121
451,0.754102
453,0.766992
452,0.743359
456,0.795996
457,0.815332
457,0.916309
458,0.744434
460,0.760547
462,0.785254
460,0.783105
465,0.788477
466,0.809961
466,0.838965
468,1.04736
467,0.750879
469,0.754102
472,0.753027
471,0.77666
474,0.787402
474,0.79707
475,0.815332
478,0.831445
477,0.995801
476,0.745508
480,0.749805
475,0.758398
481,0.773438
477,0.787402
481,0.789551
479,0.787402
481,0.821777
484,0.959277
483,0.739063
481,0.742285
485,0.749805
482,0.699316
484,0.764844
487,0.77666
484,0.785254
489,0.783105
484,0.807813
489,0.859375
488,1.09893
487,0.739063
490,0.744434
488,0.740137
491,0.730469
490,0.755176
491,0.773438
491,0.774512
492,0.788477
491,0.798145
492,0.79707
495,0.909863
493,0.726172
496,0.733691
494,0.743359
496,0.73584
494,0.749805
494,0.753027
496,0.76377
494,0.762695
497,0.773438
497,0.771289
497,0.795996
500,0.81748
496,1.09893
501,0.727246
497,0.732617
498,0.73584
501,0.739063
500,0.717578
503,0.742285
501,0.749805
501,0.760547
505,0.758398
501,0.772363
506,0.758398
503,0.785254
503,0.793848
504,0.803516
509,0.724023
507,0.725098
507,0.736914
508,0.73584
508,0.740137
508,0.706836
509,0.730469
509,0.739063
510,0.74873
511,0.75625
510,0.757324
511,0.761621
512,0.769141
511,0.762695
514,0.764844
514,0.778809
513,0.783105
517,0.81748
512,0.779883
514,0.724023
518,0.722949
514,0.721875
518,0.720801
515,0.722949
517,0.725098
519,0.724023
517,0.713281
517,0.705762
515,0.711133
522,0.732617
520,0.724023
521,0.732617
521,0.733691
518,0.731543
528,0.733691
523,0.734766
523,0.741211
526,0.741211
524,0.733691
524,0.745508
526,0.741211
526,0.737988
524,0.732617
526,0.745508
528,0.754102
526,0.761621
528,0.757324
527,0.764844
529,0.743359
529,0.77666
532,0.766992
530,0.757324
529,0.75625
534,0.774512
533,0.771289
532,0.779883
534,0.806738
534,0.714355
536,1.09893
532,0.745508
537,0.663867
536,0.799219
537,0.710059
537,0.787402
538,0.778809
539,0.777734
538,0.908789
543,0.837891
540,1.09893
541,0.70791
539,0.673535
543,0.806738
544,0.762695
541,0.771289
544,1.09893
542,0.663867
544,0.739063
543,0.730469
546,0.730469
547,0.727246
545,0.726172
547,0.725098
547,0.726172
550,0.725098
546,0.717578
551,0.721875
549,0.724023
550,0.725098
551,0.719727
549,0.722949
553,0.721875
551,0.717578
555,0.721875
553,0.722949
555,0.720801
556,0.721875
555,0.714355
557,0.716504
555,0.713281
559,0.702539
557,0.712207
560,0.708984
559,0.710059
561,0.708984
562,0.705762
562,0.706836
562,1.0957
562,0.566113
565,0.741211
563,0.729395
565,0.729395
565,0.717578
567,0.70791
566,0.718652
567,0.719727
567,0.713281
567,0.714355
571,0.700391
569,0.711133
571,0.710059
570,0.71543
574,0.711133
572,0.710059
572,0.706836
571,0.792773
574,0.729395
575,0.72832
574,0.725098
576,0.719727
574,0.717578
578,0.712207
575,0.713281
580,0.711133
576,0.714355
580,0.706836
578,0.710059
581,0.708984
581,0.706836
582,0.741211
583,0.729395
583,0.720801
583,0.713281
582,0.716504
586,0.71543
583,0.712207
585,0.714355
582,0.712207
589,0.70791
585,0.705762
588,1.05488
587,0.729395
590,0.714355
588,0.712207
589,0.713281
589,0.714355
592,0.710059
591,0.711133
590,0.70791
591,0.704688
591,0.706836
592,0.720801
591,0.716504
595,0.708984
592,0.708984
597,0.714355
594,0.708984
597,0.701465
593,0.705762
600,0.703613
595,0.702539
597,0.721875
596,0.714355
598,0.710059
599,0.712207
598,0.711133
600,0.702539
601,0.702539
601,0.705762
602,1.09893
602,0.719727
601,0.713281
603,0.708984
603,0.708984
604,0.70791
603,0.703613
607,0.701465
605,0.818555
608,0.719727
606,0.705762
609,0.710059
608,0.710059
610,0.706836
607,0.704688
611,0.70791
608,0.724023
613,0.710059
610,0.708984
614,0.710059
612,0.708984
613,0.70791
612,0.705762
616,0.702539
614,0.711133
616,0.706836
615,0.713281
616,0.711133
617,0.705762
617,0.704688
617,0.630566
619,0.70791
620,0.713281
620,0.70791
621,0.710059
621,0.70791
622,0.708984
622,0.713281
622,0.708984
623,0.710059
622,0.711133
623,0.706836
624,0.706836
624,0.791699
626,0.702539
625,0.712207
625,0.705762
627,0.744434
627,0.701465
628,0.662793
627,0.710059
630,0.704688
629,0.703613
629,0.703613
629,0.703613
632,0.503809
631,0.706836
633,0.706836
632,0.703613
633,0.701465
632,0.702539
636,0.706836
634,0.704688
636,0.704688
634,0.704688
637,0.702539
637,0.785254
639,0.700391
637,0.702539
639,0.702539
638,0.698242
640,0.701465
637,0.705762
640,0.702539
640,0.701465
642,0.693945
640,0.702539
645,0.833594
640,0.703613
645,0.702539
642,0.700391
646,0.703613
645,0.637012
647,0.704688
645,0.705762
647,0.702539
645,0.699316
649,0.71543
648,0.726172
648,0.703613
649,0.6875
651,0.703613
651,0.710059
650,0.702539
652,0.683203
654,0.699316
653,0.702539
655,0.700391
652,0.699316
657,0.696094
653,0.741211
658,0.697168
655,0.701465
659,0.697168
657,0.699316
660,0.698242
657,0.697168
660,0.693945
660,0.69502
662,0.676758
660,0.698242
661,0.706836
664,0.692871
664,0.69502
667,0.696094
664,0.698242
667,0.692871
663,0.69502
668,0.696094
666,0.693945
671,0.693945
670,0.693945
672,0.685352
670,0.69502
671,0.69502
672,0.689648
674,0.688574
675,0.696094
675,0.693945
677,0.690723
673,0.675684
677,0.691797
675,0.672461
681,0.734766
679,0.6875
684,0.72832
680,0.689648
681,0.67998
681,0.690723
683,0.690723
683,0.6875
684,0.691797
686,0.692871
684,0.689648
688,0.689648
685,0.6875
689,0.690723
687,0.629492
691,0.688574
692,0.6875
693,0.676758
694,0.6875
691,0.688574
696,0.686426
694,0.684277
697,0.684277
696,0.700391
698,0.686426
701,0.691797
699,0.684277
705,0.640234
701,0.860449
705,0.684277
705,0.684277
707,0.683203
706,0.682129
707,0.721875
711,0.67998
709,0.682129
712,0.684277
712,0.67998
715,0.67998
712,0.681055
716,0.676758
718,0.677832
716,0.696094
719,0.675684
719,0.67998
722,0.721875
721,0.746582
723,0.678906
727,0.67998
724,0.677832
727,0.674609
729,0.676758
728,0.675684
730,0.67998
730,0.673535
733,0.675684
734,0.673535
738,0.489844
734,0.672461
738,0.672461
742,0.669238
736,0.672461
745,0.670313
741,0.670313
744,0.669238
747,0.669238
746,0.670313
749,0.669238
751,0.669238
752,0.670313
755,0.66709
751,0.670313
760,0.673535
756,0.66709
758,0.66709
764,0.670313
761,0.671387
766,0.670313
764,0.675684
768,0.672461
768,0.677832
771,0.668164
772,0.673535
776,0.673535
773,0.676758
780,0.677832
782,0.677832
781,0.685352
785,0.683203
785,0.685352
788,0.686426
791,0.691797
790,0.689648
795,0.693945
797,0.697168
799,0.698242
802,0.700391
805,0.700391
810,0.701465
810,0.702539
810,0.704688
815,0.706836
817,0.70791
817,0.706836
822,0.722949
826,0.708984
825,0.711133
833,0.713281
832,0.650977
831,0.716504
839,0.716504
841,0.722949
838,0.719727
847,0.674609
846,0.722949
848,0.726172
850,0.727246
857,0.72832
855,0.730469
859,0.732617
866,0.730469
864,0.674609
866,0.73584
867,0.733691
868,0.731543
870,0.729395
875,0.732617
874,0.739063
878,0.739063
881,0.733691
882,0.73584
882,0.73584
886,0.736914
885,0.742285
888,0.742285
891,0.743359
898,0.747656
899,0.747656
896,0.742285
898,0.736914
901,0.73584
902,0.742285
908,0.764844
906,0.751953
913,0.750879
916,0.743359
910,0.744434
915,0.74873
921,0.749805
920,0.753027
921,0.75625
924,0.755176
925,0.746582
924,0.704688
927,0.742285
930,0.747656
930,0.754102
929,0.657422
936,0.758398
936,0.760547
936,0.749805
940,0.788477
940,0.758398
947,0.764844
947,0.769141
948,0.772363
954,0.567188
953,0.778809
953,0.770215
957,0.762695
954,0.777734
962,0.775586
963,0.778809
964,0.783105
969,0.793848
967,0.788477
972,0.777734
969,0.771289
972,0.775586
978,0.779883
981,0.786328
984,0.792773
981,0.786328
980,0.782031
987,0.789551
986,0.793848
987,0.798145
992,0.791699
992,0.785254
994,0.789551
996,0.799219
1000,0.803516
1001,0.807813
1007,0.809961
1008,0.814258
1012,0.786328
1014,0.818555
1013,0.812109
1015,0.795996
1015,0.787402
1016,0.783105
1015,0.78418
1019,0.792773
1021,0.800293
1027,0.811035
1026,0.812109
1027,0.80459
1029,0.803516
1028,0.816406
1036,0.819629
1034,0.829297
1040,0.83252
1044,0.835742
1043,0.834668
1044,0.890527
1044,0.807813
1047,0.799219
1046,0.795996
1045,0.795996
1047,0.806738
1051,0.819629
1055,0.821777
1055,0.81748
1062,0.825
1063,0.822852
1061,0.822852
1069,0.831445
1067,0.840039
1073,0.849707
1073,0.855078
1079,0.848633
1079,0.851855
1079,0.857227
1084,0.862598
1086,0.866895
1086,0.864746
1094,0.864746
1098,0.875488
1092,0.878711
1103,0.879785
1097,0.880859
1103,0.854004
1107,0.881934
1112,0.887305
1114,0.891602
1112,0.874414
1110,0.867969
1117,0.87334
1119,0.872266
1120,0.88623
1122,0.89375
1126,0.896973
1125,0.887305
1129,0.867969
1128,0.85293
1128,0.848633
1127,0.851855
1125,0.851855
1131,0.864746
1135,0.87334
1137,0.884082
1134,0.885156
1137,0.860449
1135,0.854004
1134,0.844336
1136,0.840039
1135,0.833594
1137,0.834668
1132,0.827148
1131,0.822852
1136,0.818555
1132,0.812109
1133,0.808887
1132,0.80459
1131,0.801367
1132,0.799219
1131,0.793848
1131,0.792773
1131,0.790625
1127,0.788477
1129,0.785254
1128,0.782031
1128,0.812109
1129,0.777734
1128,0.775586
1127,0.773438
1128,0.770215
1125,0.766992
1125,0.764844
1126,0.76377
1123,0.762695
1127,0.761621
1122,0.759473
1124,0.757324
1123,0.75625
1124,0.755176
1122,0.751953
1121,0.749805
1123,0.74873
1119,0.747656
1123,0.741211
1119,0.744434
1120,0.742285
1120,0.740137
1120,0.739063
1119,0.739063
1118,0.737988
1117,0.73584
1119,0.732617
1115,0.731543
1117,0.731543
1115,0.650977
1117,0.727246
1117,0.727246
1114,0.722949
1115,0.725098
1115,0.721875
1114,0.722949
1112,0.721875
1112,0.719727
1113,0.719727
1111,0.718652
1112,0.717578
1110,0.716504
1112,0.71543
1110,0.713281
1111,0.713281
1108,0.712207
1109,0.708984
1109,0.710059
1108,0.708984
1109,0.70791
1109,0.706836
1109,0.704688
1107,0.705762
1106,0.704688
1107,0.703613
1106,0.702539
1105,0.701465
1105,0.701465
1106,0.699316
1106,0.700391
1104,0.697168
1104,0.691797
1100,0.69502
1103,0.69502
1100,0.693945
1102,0.688574
1101,0.691797
1101,0.691797
1101,0.691797
1100,0.690723
1101,0.689648
1098,0.688574
1100,0.6875
1097,0.6875
1100,0.686426
1097,0.685352
1099,0.685352
1097,0.684277
1097,0.684277
1095,0.682129
1097,0.682129
1094,0.683203
1095,0.682129
1095,0.67998
1096,0.678906
1094,0.677832
1095,0.678906
1090,0.678906
1094,0.676758
1090,0.676758
1093,0.678906
1091,0.673535
1094,0.674609
1091,0.674609
1091,0.672461
1089,0.672461
1089,0.671387
1089,0.672461
1089,0.671387
1090,0.672461
1089,0.670313
1087,0.669238
1088,0.731543
1086,0.669238
1087,0.669238
1086,0.668164
1087,0.666016
1086,0.664941
1085,0.664941
1082,0.664941
1087,0.606934
1081,0.663867
1085,0.662793
1082,0.661719
1085,0.662793
1082,0.661719
1083,0.660645
1082,0.65957
1081,0.65957
1081,0.65957
1080,0.657422
1082,0.658496
1080,0.658496
1080,0.657422
1078,0.657422
1078,0.656348
1079,0.657422
1078,0.656348
1078,0.655273
1079,0.653125
1078,0.654199
1075,0.654199
1076,0.653125
1075,0.653125
1075,0.653125
1077,0.650977
1077,0.650977
1074,0.649902
1074,0.652051
1073,0.649902
1073,0.648828
1073,0.648828
1073,0.652051
1073,0.648828
1072,0.648828
1071,0.648828
1070,0.648828
1071,0.647754
1071,0.634863
1072,0.647754
1071,0.64668
1069,0.645605
1068,0.645605
1069,0.645605
1068,0.645605
1068,0.643457
1068,0.643457
1068,0.643457
1067,0.643457
1065,0.642383
1066,0.642383
1065,0.642383
1066,0.641309
1066,0.640234
1065,0.641309
1064,0.640234
1063,0.641309
1064,0.640234
1063,0.638086
1064,0.633789
1064,0.63916
1063,0.638086
1061,0.63916
1062,0.63916
1060,0.637012
1062,0.635938
1060,0.637012
1062,0.635938
1061,0.634863
1058,0.634863
1060,0.634863
1056,0.634863
1059,0.61875
1057,0.633789
1058,0.633789
1055,0.632715
1058,0.632715
1056,0.632715
1056,0.633789
1057,0.633789
1055,0.631641
1054,0.633789
1054,0.631641
1054,0.630566
1053,0.630566
1056,0.629492
1052,0.630566
1053,0.613379
1052,0.629492
1050,0.629492
1053,0.628418
1051,0.628418
1053,0.628418
1052,0.628418
1048,0.628418
1050,0.627344
1049,0.627344
1050,0.627344
1050,0.62627
1048,0.627344
1047,0.62627
1048,0.62627
1048,0.62627
1047,0.625195
1049,0.625195
1046,0.624121
1045,0.625195
1047,0.614453
1045,0.623047
1046,0.623047
1046,0.623047
1044,0.587598
1043,0.623047
1044,0.623047
1042,0.623047
1043,0.624121
1046,0.620898
1042,0.623047
1041,0.621973
1043,0.621973
1039,0.620898
1043,0.620898
1042,0.621973
1040,0.619824
1039,0.619824
1039,0.619824
1039,0.620898
1039,0.61875
1042,0.61875
1038,0.61875
1036,0.621973
1040,0.619824
1035,0.61875
1038,0.617676
1037,0.616602
1036,0.612305
1035,0.616602
1035,0.617676
1035,0.821777
1034,0.616602
1036,0.616602
1035,0.617676
1031,0.615527
1035,0.616602
1033,0.616602
1033,0.615527
1033,0.615527
1032,0.615527
1030,0.579004
1032,0.613379
1031,0.613379
1030,0.615527
1031,0.613379
1030,0.613379
1029,0.613379
1028,0.612305
1031,0.613379
1029,0.612305
1026,0.614453
1028,0.612305
1028,0.613379
1027,0.612305
1027,0.61123
1026,0.612305
1027,0.612305
1023,0.61123
1027,0.610156
1026,0.610156
1024,0.61123
1023,0.61123
1024,0.610156
1025,0.609082
1022,0.610156
1025,0.609082
1023,0.609082
1020,0.609082
1022,0.606934
1021,0.609082
1024,0.610156
1021,0.609082
1018,0.609082
1021,0.608008
1019,0.609082
1020,0.608008
1020,0.609082
1018,0.608008
1020,0.609082
1016,0.606934
1019,0.608008
1018,0.606934
1017,0.605859
1016,0.608008
1016,0.606934
1017,0.605859
1016,0.605859
1016,0.604785
1014,0.605859
1014,0.603711
1015,0.606934
1014,0.604785
1015,0.606934
1015,0.605859
1012,0.605859
1012,0.604785
1012,0.606934
1014,0.604785
1012,0.605859
1009,0.603711
1011,0.605859
1011,0.603711
1012,0.603711
1010,0.603711
1009,0.601563
1010,0.602637
1008,0.603711
1010,0.603711
1009,0.601563
1006,0.601563
1009,0.602637
1006,0.602637
1008,0.603711
1007,0.601563
1006,0.605859
1006,0.601563
1004,0.601563
1007,0.602637
1005,0.601563
1006,0.600488
1004,0.601563
1002,0.600488
1005,0.600488
1004,0.602637
1003,0.600488
1004,0.599414
1000,0.599414
1003,0.599414
1003,0.599414
1001,0.600488
1001,0.600488
999,0.599414
1001,0.601563
1002,0.599414
999,0.600488
1000,0.59834
997,0.599414
1000,0.599414
1000,0.599414
998,0.59834
997,0.600488
997,0.599414
998,0.59834
998,0.599414
996,0.591895
996,0.59834
994,0.599414
998,0.59834
996,0.59834
994,0.59834
995,0.594043
992,0.597266
995,0.597266
994,0.597266
992,0.599414
994,0.597266
991,0.59834
994,0.59834
992,0.597266
990,0.59834
992,0.599414
991,0.597266
992,0.597266
990,0.59834
988,0.597266
990,0.59834
989,0.596191
991,0.597266
988,0.597266
987,0.596191
987,0.597266
988,0.597266
989,0.597266
988,0.597266
985,0.597266
987,0.595117
985,0.59834
987,0.59834
985,0.601563
984,0.595117
985,0.599414
985,0.596191
985,0.595117
982,0.596191
982,0.595117
984,0.596191
984,0.597266
983,0.597266
981,0.596191
980,0.595117
983,0.597266
982,0.595117
979,0.59834
980,0.596191
981,0.595117
980,0.595117
977,0.596191
979,0.596191
978,0.595117
980,0.597266
978,0.597266
976,0.596191
977,0.597266
978,0.596191
977,0.596191
975,0.596191
974,0.59834
979,0.596191
976,0.595117
975,0.596191
974,0.596191
972,0.595117
976,0.596191
974,0.599414
972,0.595117
973,0.595117
972,0.596191
975,0.59834
972,0.595117
970,0.597266
972,0.596191
971,0.59834
972,0.597266
970,0.597266
969,0.592969
971,0.597266
970,0.597266
969,0.59834
969,0.595117
967,0.596191
969,0.596191
969,0.596191
965,0.596191
968,0.59834
966,0.596191
969,0.595117
966,0.595117
965,0.59834
966,0.589746
966,0.597266
965,0.597266
964,0.597266
962,0.596191
967,0.597266
964,0.596191
962,0.596191
964,0.595117
962,0.597266
964,0.597266
962,0.595117
961,0.594043
961,0.596191
962,0.595117
961,0.596191
960,0.595117
958,0.596191
962,0.595117
960,0.596191
958,0.596191
959,0.595117
958,0.596191
960,0.59834
958,0.596191
956,0.59834
958,0.59834
958,0.59834
957,0.597266
955,0.599414
955,0.59834
957,0.597266
956,0.597266
953,0.59834
955,0.597266
954,0.597266
956,0.597266
953,0.59834
952,0.597266
954,0.59834
954,0.596191
952,0.597266
952,0.59834
951,0.599414
954,0.59834
951,0.599414
950,0.599414
950,0.599414
952,0.597266
951,0.59834
949,0.600488
947,0.599414
951,0.599414
950,0.599414
947,0.601563
948,0.599414
948,0.599414
949,0.599414
947,0.597266
945,0.600488
948,0.597266
947,0.599414
945,0.604785
946,0.600488
945,0.59834
946,0.599414
944,0.599414
943,0.600488
945,0.599414
945,0.599414
943,0.599414
943,0.600488
942,0.599414
944,0.600488
942,0.600488
940,0.59834
942,0.600488
943,0.59834
940,0.59834
941,0.600488
939,0.599414
942,0.601563
939,0.59834
938,0.601563
940,0.600488
939,0.599414
939,0.600488
938,0.565039
937,0.600488
939,0.601563
937,0.600488
936,0.59834
938,0.610156
937,0.602637
936,0.599414
935,0.600488
934,0.599414
937,0.599414
934,0.599414
933,0.601563
935,0.600488
934,0.600488
934,0.599414
932,0.599414
932,0.600488
934,0.600488
932,0.601563
931,0.602637
932,0.599414
932,0.601563
930,0.601563
931,0.601563
930,0.600488
932,0.600488
929,0.600488
928,0.599414
931,0.599414
929,0.601563
927,0.600488
929,0.601563
928,0.599414
929,0.600488
926,0.599414
926,0.600488
928,0.599414
927,0.600488
925,0.59834
926,0.601563
926,0.597266
926,0.600488
924,0.599414
923,0.601563
926,0.601563
924,0.601563
922,0.601563
924,0.600488
924,0.600488
922,0.601563
922,0.601563
921,0.599414
923,0.600488
921,0.59834
920,0.600488
922,0.600488
921,0.601563
919,0.601563
920,0.601563
920,0.600488
921,0.601563
918,0.600488
917,0.599414
921,0.602637
918,0.600488
917,0.602637
918,0.592969
918,0.602637
916,0.601563
916,0.602637
916,0.602637
917,0.603711
915,0.602637
914,0.602637
917,0.600488
916,0.603711
913,0.601563
914,0.602637
915,0.601563
913,0.603711
913,0.601563
911,0.602637
915,0.604785
911,0.603711
910,0.605859
914,0.602637
912,0.603711
910,0.604785
912,0.604785
911,0.603711
911,0.603711
909,0.602637
909,0.603711
911,0.604785
908,0.602637
907,0.603711
910,0.602637
907,0.602637
907,0.603711
909,0.602637
906,0.603711
907,0.603711
905,0.603711
908,0.601563
905,0.604785
903,0.603711
908,0.603711
906,0.604785
903,0.604785
905,0.603711
904,0.601563
903,0.602637
903,0.602637
902,0.602637
904,0.604785
902,0.603711
901,0.603711
904,0.602637
902,0.603711
900,0.601563
901,0.605859
901,0.602637
899,0.603711
900,0.602637
899,0.605859
901,0.604785
899,0.605859
897,0.605859
900,0.604785
897,0.603711
897,0.606934
898,0.603711
899,0.604785
896,0.605859
897,0.609082
897,0.604785
896,0.603711
895,0.605859
895,0.603711
897,0.604785
895,0.604785
893,0.601563
897,0.605859
893,0.604785
892,0.604785
895,0.603711
894,0.605859
891,0.604785
893,0.642383
893,0.603711
891,0.605859
891,0.603711
891,0.605859
893,0.605859
890,0.604785
890,0.602637
892,0.608008
890,0.604785
887,0.605859
890,0.604785
890,0.605859
888,0.603711
890,0.606934
889,0.604785
886,0.604785
887,0.605859
887,0.606934
889,0.605859
886,0.604785
884,0.606934
888,0.604785
884,0.606934
884,0.605859
886,0.605859
882,0.605859
884,0.606934
885,0.605859
882,0.603711
884,0.605859
884,0.605859
882,0.606934
881,0.603711
882,0.605859
883,0.606934
881,0.608008
880,0.604785
882,0.608008
880,0.605859
878,0.608008
884,0.608008
880,0.608008
877,0.608008
880,0.606934
880,0.606934
878,0.606934
878,0.606934
879,0.605859
877,0.610156
877,0.605859
877,0.605859
878,0.604785
876,0.606934
875,0.606934
877,0.608008
875,0.605859
874,0.606934
877,0.614453
873,0.608008
873,0.606934
876,0.609082
874,0.608008
872,0.606934
873,0.608008
874,0.610156
871,0.606934
873,0.609082
874,0.606934
870,0.610156
871,0.608008
872,0.609082
872,0.610156
870,0.609082
869,0.606934
871,0.608008
870,0.608008
868,0.610156
871,0.608008
868,0.608008
867,0.606934
872,0.609082
867,0.606934
865,0.609082
869,0.606934
868,0.610156
865,0.608008
866,0.610156
867,0.605859
865,0.609082
865,0.619824
866,0.609082
864,0.609082
864,0.606934
866,0.608008
863,0.608008
863,0.606934
864,0.606934
865,0.606934
862,0.609082
860,0.605859
862,0.608008
861,0.609082
862,0.610156
860,0.608008
860,0.608008
863,0.608008
859,0.612305
858,0.608008
862,0.606934
860,0.603711
858,0.603711
859,0.608008
860,0.609082
857,0.606934
857,0.609082
859,0.608008
857,0.609082
857,0.608008
857,0.610156
855,0.615527
857,0.610156
856,0.606934
855,0.609082
855,0.609082
856,0.610156
854,0.608008
853,0.606934
855,0.608008
855,0.610156
852,0.610156
853,0.606934
855,0.608008
852,0.615527
851,0.609082
853,0.608008
852,0.608008
850,0.606934
854,0.609082
850,0.609082
850,0.608008
852,0.605859
848,0.608008
849,0.608008
852,0.608008
848,0.608008
848,0.609082
852,0.615527
847,0.610156
846,0.610156
850,0.610156
848,0.609082
845,0.61123
849,0.608008
848,0.608008
844,0.608008
846,0.61123
847,0.608008
844,0.608008
846,0.609082
846,0.610156
844,0.610156
844,0.61123
845,0.610156
843,0.608008
843,0.62627
844,0.610156
842,0.608008
843,0.608008
843,0.610156
841,0.609082
842,0.608008
842,0.610156
840,0.608008
841,0.644531
841,0.608008
839,0.605859
840,0.606934
839,0.610156
840,0.609082
840,0.606934
836,0.608008
839,0.705762
839,0.609082
836,0.608008
838,0.609082
839,0.610156
836,0.609082
837,0.610156
837,0.608008
834,0.608008
836,0.608008
837,0.61123
834,0.609082
835,0.609082
836,0.609082
832,0.61123
834,0.608008
836,0.609082
832,0.609082
834,0.608008
834,0.609082
831,0.614453
832,0.609082
834,0.619824
830,0.610156
832,0.612305
832,0.606934
830,0.610156
830,0.610156
832,0.612305
828,0.608008
830,0.609082
831,0.613379
827,0.610156
830,0.608008
830,0.610156
826,0.61123
829,0.61123
828,0.610156
826,0.61123
829,0.610156
828,0.610156
825,0.61123
827,0.609082
827,0.615527
824,0.612305
827,0.61123
825,0.610156
824,0.610156
825,0.612305
825,0.61123
823,0.613379
824,0.61123
824,0.614453
823,0.61123
823,0.612305
823,0.612305
822,0.61875
822,0.612305
823,0.610156
820,0.612305
821,0.613379
823,0.612305
818,0.615527
822,0.612305
821,0.612305
817,0.615527
822,0.615527
819,0.612305
817,0.61123
822,0.612305
817,0.616602
821,0.612305
816,0.614453
817,0.616602
819,0.61123
815,0.61123
816,0.612305
818,0.613379
815,0.612305
815,0.614453
817,0.61123
815,0.612305
813,0.613379
817,0.615527
813,0.605859
813,0.612305
817,0.61875
811,0.614453
814,0.61123
814,0.613379
811,0.61123
813,0.613379
812,0.613379
811,0.616602
813,0.61123
809,0.619824
812,0.614453
811,0.614453
810,0.61123
810,0.61123
811,0.613379
810,0.613379
808,0.610156
811,0.613379
807,0.615527
809,0.613379
809,0.61123
805,0.613379
811,0.612305
806,0.614453
805,0.612305
810,0.612305
804,0.61123
807,0.64668
807,0.613379
805,0.613379
804,0.610156
807,0.613379
805,0.614453
802,0.612305
807,0.609082
802,0.614453
805,0.61875
803,0.612305
802,0.609082
805,0.613379
801,0.610156
803,0.614453
802,0.610156
801,0.612305
802,0.61123
802,0.612305
800,0.610156
801,0.613379
802,0.610156
797,0.612305
802,0.612305
799,0.613379
798,0.606934
802,0.612305
797,0.615527
798,0.612305
799,0.608008
798,0.613379
796,0.61123
800,0.612305
795,0.610156
796,0.610156
796,0.612305
798,0.612305
794,0.614453
796,0.610156
796,0.61123
794,0.612305
794,0.613379
796,0.608008
792,0.613379
796,0.613379
793,0.612305
792,0.610156
796,0.612305
791,0.600488
792,0.61123
793,0.610156
792,0.612305
790,0.610156
795,0.616602
789,0.61123
792,0.612305
790,0.61123
790,0.612305
792,0.612305
789,0.614453
790,0.610156
790,0.612305
789,0.613379
789,0.614453
789,0.608008
786,0.612305
791,0.612305
787,0.613379
787,0.608008
788,0.613379
787,0.609082
786,0.620898
788,0.61123
784,0.612305
788,0.608008
784,0.613379
787,0.614453
785,0.614453
784,0.610156
784,0.61123
786,0.612305
781,0.613379
786,0.609082
