271,0.691797
272,0.675684
271,0.720801
271,0.664941
270,0.705762
270,0.686426
273,0.711133
271,0.692871
270,0.708984
269,0.678906
269,0.704688
270,0.6875
271,0.70791
271,0.686426
271,0.690723
271,0.693945
271,0.699316
271,0.685352
270,0.698242
270,0.666016
272,0.703613
272,0.685352
271,0.691797
269,0.689648
270,0.693945
271,0.692871
271,0.703613
271,0.6875
271,0.691797
272,0.696094
271,0.70791
270,0.670313
269,0.703613
270,0.691797
271,0.698242
272,0.688574
270,0.688574
269,0.686426
273,0.686426
271,0.686426
272,0.704688
271,0.69502
270,0.699316
273,0.690723
272,0.69502
270,0.690723
269,0.699316
270,0.6875
270,0.696094
271,0.686426
270,0.670313
268,1.08604
271,0.704688
271,1.09893
272,0.689648
269,0.702539
271,0.703613
270,0.789551
271,0.690723
272,0.818555
269,0.69502
270,1.09893
271,0.699316
272,0.749805
269,0.692871
270,0.742285
271,0.697168
271,0.903418
269,0.692871
270,0.73584
268,0.689648
272,0.719727
271,0.685352
270,0.72832
269,0.696094
270,0.740137
269,0.693945
271,0.74873
269,0.6875
270,0.724023
271,0.690723
271,0.736914
269,0.701465
268,0.725098
269,0.696094
269,0.732617
270,0.67998
270,0.714355
270,0.678906
270,0.741211
271,0.701465
271,1.09893
268,0.701465
270,0.780957
271,0.692871
269,0.730469
269,0.688574
267,0.711133
268,0.670313
269,0.702539
272,0.686426
272,0.708984
269,0.699316
272,0.71543
270,0.696094
272,0.706836
269,0.697168
271,0.713281
271,0.699316
271,0.705762
270,0.696094
269,0.711133
269,0.691797
270,0.736914
273,0.690723
270,0.719727
271,0.701465
273,0.719727
272,0.693945
271,0.704688
269,0.686426
270,0.711133
271,0.688574
275,0.702539
274,0.682129
273,0.702539
273,0.685352
273,0.718652
272,0.690723
272,0.691797
276,0.696094
274,0.69502
274,0.725098
273,0.69502
276,0.711133
275,0.6875
276,0.697168
275,0.689648
276,0.678906
278,0.692871
279,0.705762
276,0.702539
274,0.698242
276,0.704688
277,0.688574
277,0.759473
277,0.681055
278,0.742285
279,0.685352
279,0.708984
278,0.673535
276,0.698242
277,0.700391
279,0.708984
281,0.678906
279,0.708984
278,0.700391
280,0.741211
279,0.686426
277,0.70791
277,0.6875
278,0.719727
280,0.688574
280,0.693945
279,0.6875
279,0.67998
281,0.676758
281,0.688574
279,0.890527
281,0.677832
281,0.690723
283,0.70791
282,0.688574
280,0.685352
280,0.698242
282,0.686426
281,0.712207
281,0.693945
282,0.698242
283,0.684277
283,0.69502
283,0.693945
280,0.693945
281,0.688574
283,0.691797
283,0.706836
283,0.69502
282,0.703613
284,0.686426
284,0.932422
283,0.683203
280,0.714355
283,0.703613
284,0.719727
285,0.688574
283,0.727246
283,0.696094
285,0.706836
285,0.688574
283,0.708984
282,0.69502
284,0.700391
284,0.693945
284,0.699316
283,0.704688
284,0.633789
286,0.692871
285,0.730469
283,0.69502
285,0.703613
283,0.697168
285,0.705762
283,0.6875
283,0.722949
285,0.701465
286,0.701465
284,0.678906
284,0.700391
285,0.708984
286,0.686426
284,0.701465
283,0.711133
285,0.780957
286,0.684277
286,0.740137
285,0.696094
285,0.721875
286,0.691797
286,0.703613
284,0.686426
283,0.724023
285,0.691797
286,0.70791
285,0.685352
286,0.691797
285,0.69502
287,0.688574
286,0.698242
286,0.702539
284,0.785254
287,0.704688
286,0.710059
286,0.697168
286,0.700391
288,0.6875
286,0.711133
287,0.696094
285,0.708984
285,0.691797
288,0.683203
287,0.703613
287,0.697168
286,0.708984
288,0.670313
289,0.742285
289,0.691797
286,0.721875
289,0.721875
288,0.713281
289,0.685352
286,0.699316
287,0.682129
288,0.678906
289,0.696094
288,0.6875
288,0.692871
291,0.716504
289,0.698242
288,0.697168
287,0.733691
289,0.690723
289,0.705762
289,0.688574
288,0.708984
287,0.69502
290,0.711133
291,0.690723
290,0.698242
289,0.693945
291,0.682129
290,1.09893
289,0.690723
288,0.720801
290,0.690723
291,0.705762
293,0.6875
290,0.710059
290,0.684277
292,0.702539
291,0.693945
291,0.702539
291,0.689648
293,0.6875
293,0.721875
292,0.700391
292,0.702539
293,0.686426
293,0.704688
292,0.691797
290,0.699316
292,0.69502
294,0.696094
295,0.698242
292,0.692871
292,0.727246
293,0.700391
294,0.69502
292,0.684277
293,0.703613
295,0.698242
294,0.701465
293,0.697168
293,0.697168
296,0.88623
294,0.693945
295,0.706836
292,0.70791
297,0.702539
297,0.683203
298,0.700391
294,0.69502
296,0.70791
295,0.691797
296,0.692871
295,0.714355
295,0.692871
298,0.698242
298,0.693945
297,0.700391
296,0.685352
297,0.697168
298,0.69502
296,0.692871
298,0.721875
298,0.681055
300,0.697168
298,0.696094
297,0.708984
297,0.696094
299,0.69502
298,0.691797
298,0.700391
298,0.850781
299,0.718652
300,0.702539
297,0.692871
299,0.708984
299,0.700391
300,0.69502
299,0.693945
298,0.697168
300,0.702539
301,0.692871
300,0.704688
301,0.686426
300,0.703613
301,0.706836
300,0.700391
298,0.798145
302,0.69502
303,0.71543
302,0.692871
300,0.710059
301,0.706836
302,0.702539
304,0.684277
301,0.699316
301,0.774512
303,0.690723
304,0.716504
301,0.692871
303,0.699316
303,0.691797
304,0.689648
302,0.704688
303,0.686426
305,0.708984
305,0.699316
304,0.699316
302,0.676758
304,0.689648
305,0.689648
304,0.686426
303,0.716504
304,0.690723
306,0.705762
305,0.699316
305,0.702539
306,0.69502
306,0.710059
305,0.69502
303,0.690723
306,0.704688
308,0.689648
307,0.696094
305,0.69502
306,0.690723
306,0.699316
308,0.69502
306,0.70791
306,0.690723
308,0.701465
309,0.699316
307,0.701465
307,0.711133
308,0.69502
308,0.70791
306,0.714355
308,0.699316
310,0.693945
311,0.688574
307,0.699316
308,0.701465
309,0.702539
309,0.693945
308,0.697168
307,1.0001
311,0.697168
312,0.710059
309,0.701465
309,0.708984
311,0.69502
311,0.688574
309,0.704688
308,0.71543
314,0.693945
313,0.690723
311,0.69502
310,0.698242
312,0.717578
311,0.698242
310,0.699316
311,0.699316
313,0.705762
310,0.664941
311,0.696094
312,0.706836
314,0.692871
311,0.701465
312,0.701465
314,0.698242
314,0.703613
312,0.696094
312,0.717578
313,0.703613
314,0.699316
312,0.696094
312,0.690723
315,0.706836
314,0.693945
313,0.696094
313,0.698242
315,0.693945
316,0.712207
314,0.696094
313,0.70791
315,0.690723
316,0.70791
313,0.671387
312,0.708984
315,0.698242
315,0.699316
313,0.704688
312,0.696094
318,0.702539
316,0.714355
314,0.697168
314,0.704688
314,0.698242
315,0.701465
312,0.736914
313,0.701465
314,0.704688
316,0.702539
314,0.703613
315,0.688574
315,0.69502
315,0.705762
313,0.698242
313,0.705762
316,0.690723
315,0.69502
314,0.729395
312,0.705762
315,0.706836
316,0.690723
314,0.700391
314,0.704688
316,0.689648
316,0.704688
313,0.689648
315,0.697168
314,0.708984
314,0.719727
313,0.703613
314,0.696094
317,0.706836
316,0.710059
314,0.689648
314,0.690723
315,0.698242
315,0.714355
312,0.697168
312,0.704688
315,0.69502
314,0.689648
312,0.711133
312,0.698242
314,0.703613
313,0.703613
314,0.59834
314,0.693945
315,0.708984
312,0.702539
312,0.700391
313,0.718652
313,0.702539
311,0.734766
312,0.689648
313,0.710059
313,0.688574
311,0.698242
311,0.703613
312,0.696094
312,0.703613
311,0.703613
311,0.699316
314,0.699316
313,0.693945
311,0.702539
311,0.677832
311,0.710059
312,0.699316
309,0.703613
310,0.693945
312,0.70791
312,0.721875
310,0.692871
310,0.705762
311,0.691797
313,0.703613
310,0.704688
309,0.700391
313,0.710059
311,0.696094
310,0.702539
309,0.690723
311,0.693945
310,0.696094
309,0.698242
308,0.706836
310,0.69502
311,0.697168
310,0.689648
310,0.701465
311,0.702539
310,0.686426
309,0.710059
308,0.692871
310,0.702539
310,0.699316
309,0.699316
307,0.689648
308,0.678906
310,0.701465
307,0.696094
306,0.693945
308,0.69502
310,0.706836
310,0.711133
307,0.700391
309,0.697168
309,0.696094
307,0.701465
306,0.69502
309,0.699316
309,0.713281
309,0.693945
307,0.701465
308,0.700391
308,0.696094
306,0.69502
307,0.692871
308,0.714355
308,0.696094
307,0.701465
306,0.693945
308,0.693945
307,0.697168
308,0.699316
308,0.698242
306,0.691797
308,0.699316
308,0.697168
307,0.693945
307,0.698242
307,0.700391
307,0.71543
304,0.69502
306,0.702539
308,0.688574
309,0.698242
305,0.697168
306,0.69502
307,0.711133
307,0.689648
305,0.70791
306,0.6875
307,0.686426
308,0.689648
306,0.698242
307,0.704688
307,0.704688
308,0.699316
306,0.697168
307,0.697168
308,0.691797
309,0.698242
307,0.706836
307,0.697168
309,0.700391
307,0.69502
308,0.693945
305,0.69502
309,0.685352
311,0.691797
307,0.6875
307,0.713281
308,0.69502
309,0.69502
308,0.6875
307,0.69502
309,0.71543
309,0.699316
307,0.688574
307,0.696094
309,0.690723
309,0.698242
308,0.700391
307,0.702539
310,0.691797
310,0.697168
310,0.684277
307,0.698242
308,0.696094
308,0.690723
308,0.697168
307,0.692871
309,0.703613
309,0.698242
311,0.696094
308,0.693945
309,0.689648
311,0.725098
309,0.69502
308,0.698242
307,0.698242
310,0.691797
308,0.713281
308,0.701465
309,0.697168
311,0.693945
311,0.704688
308,0.706836
311,0.658496
310,0.693945
307,0.706836
308,0.697168
308,0.693945
309,0.6875
306,0.6875
309,0.698242
311,0.690723
311,0.712207
308,0.710059
308,0.701465
309,0.69502
311,0.69502
309,0.699316
309,0.69502
310,0.700391
311,0.691797
309,0.700391
308,0.944238
310,0.701465
310,0.696094
309,0.691797
309,0.702539
312,0.692871
312,0.691797
310,0.697168
311,0.684277
310,0.699316
311,0.696094
309,0.699316
309,0.686426
313,0.711133
313,0.714355
310,0.69502
310,0.698242
312,0.692871
311,0.6875
310,0.697168
311,0.67998
313,0.706836
313,0.683203
314,0.698242
313,0.697168
314,0.719727
317,0.70791
314,0.701465
317,0.698242
320,0.698242
321,0.69502
320,0.70791
320,0.700391
322,0.699316
321,0.706836
321,0.697168
319,0.696094
322,0.693945
322,0.693945
319,0.693945
319,0.686426
321,0.704688
321,0.6875
321,0.696094
326,0.717578
327,0.668164
330,0.716504
328,0.697168
331,0.691797
331,0.698242
333,0.685352
332,0.700391
337,0.690723
338,0.686426
337,0.706836
338,0.678906
341,0.71543
344,0.697168
343,0.698242
345,0.671387
348,0.700391
347,0.686426
348,0.682129
352,0.705762
352,0.704688
352,0.690723
355,0.699316
358,0.686426
360,0.671387
358,0.698242
361,0.691797
362,0.693945
363,0.702539
367,0.690723
369,0.693945
370,0.69502
368,0.710059
372,0.6875
374,0.690723
374,0.701465
377,0.699316
379,0.682129
378,0.698242
382,0.720801
382,0.702539
383,0.693945
382,0.69502
388,0.692871
389,0.690723
387,0.6875
389,0.70791
391,0.683203
390,0.673535
394,0.698242
395,0.698242
394,0.688574
396,0.689648
397,0.692871
397,0.704688
399,0.698242
402,0.6875
400,0.690723
400,0.705762
404,0.690723
404,0.670313
402,0.702539
408,0.697168
408,0.696094
407,0.696094
411,0.6875
410,0.686426
409,0.686426
413,0.689648
416,0.692871
411,0.692871
415,0.69502
417,0.6875
415,0.690723
420,0.682129
420,0.701465
419,0.70791
421,0.688574
423,0.66709
421,0.697168
425,0.684277
428,0.725098
423,0.684277
428,0.672461
429,0.691797
428,0.696094
433,0.705762
430,0.686426
432,0.685352
433,0.699316
435,0.697168
438,0.691797
436,0.691797
439,0.685352
438,0.689648
439,0.691797
443,0.711133
442,0.684277
442,0.689648
442,0.683203
447,0.686426
443,0.691797
448,0.700391
448,0.675684
447,0.686426
452,0.670313
447,0.686426
453,0.697168
453,0.698242
453,0.704688
454,0.689648
454,0.682129
455,0.686426
457,0.683203
460,0.688574
458,0.689648
461,0.696094
459,0.67998
464,0.6875
464,0.673535
463,0.693945
466,0.686426
468,0.69502
465,0.691797
474,0.693945
469,0.683203
472,0.681055
472,0.677832
474,0.692871
476,0.677832
479,0.690723
476,0.685352
482,0.692871
478,0.690723
485,0.692871
484,1.02051
484,0.683203
487,0.685352
486,0.684277
490,0.677832
490,0.690723
490,0.684277
492,0.6875
494,0.691797
495,0.689648
499,0.691797
497,0.696094
499,0.691797
501,0.700391
500,0.716504
504,0.6875
503,0.688574
503,0.6875
505,0.675684
506,0.681055
509,0.6875
508,0.6875
509,0.6875
510,0.684277
514,0.683203
514,0.685352
513,0.691797
517,0.692871
513,0.688574
518,0.689648
520,0.692871
516,0.690723
521,0.696094
519,0.690723
522,0.691797
523,0.692871
523,0.692871
523,0.691797
523,0.69502
528,0.690723
525,0.690723
529,0.685352
529,0.686426
528,0.690723
532,0.690723
531,0.697168
533,0.69502
532,0.724023
535,0.691797
536,0.692871
534,0.69502
538,0.692871
536,0.689648
541,0.693945
539,0.692871
540,0.701465
542,0.697168
542,0.696094
545,0.692871
543,0.697168
546,0.693945
544,0.697168
548,0.681055
550,0.693945
549,0.696094
549,0.693945
548,0.690723
555,0.693945
552,0.696094
554,0.692871
553,0.691797
557,0.693945
558,0.696094
558,0.689648
558,0.690723
558,0.692871
566,0.708984
561,0.700391
563,0.690723
564,0.705762
567,0.698242
567,0.698242
568,0.696094
570,0.69502
568,0.69502
573,0.696094
570,0.692871
574,0.701465
573,0.696094
577,0.697168
575,0.672461
578,0.722949
576,0.696094
582,0.708984
582,0.700391
581,0.698242
583,0.702539
582,0.702539
588,0.697168
586,0.702539
589,0.701465
586,0.705762
593,0.69502
592,0.718652
592,0.721875
591,0.701465
594,0.702539
594,0.712207
595,0.703613
595,0.703613
599,0.712207
599,0.708984
600,0.706836
600,0.708984
599,0.710059
603,0.710059
601,0.712207
604,0.70791
603,0.71543
607,0.714355
605,0.713281
607,0.711133
606,0.713281
611,0.711133
609,0.711133
612,0.704688
608,0.712207
612,0.714355
608,0.713281
612,0.716504
610,0.713281
617,0.714355
615,0.720801
616,0.714355
614,0.71543
619,0.71543
618,0.717578
620,0.718652
618,0.799219
623,0.717578
620,0.720801
622,0.722949
621,0.718652
624,0.719727
624,0.690723
625,0.719727
623,0.721875
629,0.720801
625,0.724023
627,0.722949
625,0.671387
630,0.718652
630,0.724023
630,0.726172
628,0.720801
634,0.722949
631,0.722949
632,0.721875
631,0.721875
636,0.725098
633,0.724023
636,0.995801
634,0.721875
640,0.72832
635,0.725098
641,0.725098
636,0.727246
645,0.619824
639,0.727246
642,0.730469
640,0.72832
646,0.730469
642,0.712207
644,0.729395
644,0.729395
649,0.72832
646,0.718652
647,0.686426
646,0.730469
649,0.731543
648,0.731543
649,0.732617
650,0.732617
651,0.731543
651,0.733691
652,0.739063
654,0.712207
653,0.73584
654,0.734766
653,0.73584
658,0.683203
654,0.697168
656,0.736914
652,0.742285
660,0.681055
655,0.721875
660,0.73584
658,0.737988
662,0.736914
660,0.737988
661,0.736914
660,0.733691
664,0.737988
662,0.734766
664,0.737988
665,0.736914
665,0.739063
667,0.672461
665,0.616602
669,0.742285
665,0.741211
668,0.743359
666,0.65957
672,0.742285
669,0.744434
671,0.743359
670,0.67998
671,0.740137
672,0.740137
671,0.741211
675,0.739063
673,0.734766
675,0.734766
674,0.933496
679,0.736914
675,0.737988
678,0.737988
676,0.740137
680,0.740137
679,0.742285
679,0.740137
680,0.740137
680,0.739063
681,0.740137
680,0.676758
683,0.768066
681,0.739063
684,0.741211
683,0.771289
686,0.739063
682,0.739063
683,0.740137
686,0.73584
687,0.736914
688,0.737988
686,0.689648
689,0.736914
687,0.739063
689,0.739063
690,0.739063
690,0.739063
689,0.740137
690,0.726172
693,0.739063
691,0.737988
693,0.740137
689,0.737988
696,0.739063
692,0.741211
695,1.09893
693,0.741211
695,0.743359
695,0.742285
694,0.742285
700,0.740137
694,0.742285
697,0.606934
697,0.743359
701,0.743359
696,0.741211
697,0.742285
700,0.744434
699,0.745508
700,0.744434
697,0.736914
703,0.746582
700,0.684277
699,0.749805
701,0.750879
702,0.742285
702,0.747656
700,0.750879
704,0.749805
702,0.670313
704,0.745508
706,0.746582
705,0.701465
707,0.743359
706,0.744434
710,0.743359
705,0.788477
710,0.744434
708,0.745508
709,0.733691
708,0.745508
710,0.730469
714,0.746582
708,0.746582
711,0.74873
712,0.745508
713,0.742285
712,0.74873
713,0.745508
717,0.745508
712,0.74873
718,0.744434
716,0.746582
719,0.74873
717,0.746582
718,0.745508
721,0.693945
718,0.742285
723,0.745508
723,0.739063
722,0.589746
726,0.743359
724,0.744434
728,0.741211
723,0.742285
729,0.741211
726,0.741211
730,0.746582
731,0.739063
728,0.740137
734,0.722949
732,0.736914
731,0.740137
736,0.739063
734,0.739063
735,0.740137
735,0.703613
739,0.739063
735,0.740137
738,0.734766
742,0.737988
739,0.746582
742,0.736914
741,0.737988
744,0.734766
744,0.73584
743,0.73584
750,0.733691
745,0.736914
746,0.734766
751,0.736914
747,0.73584
753,0.739063
751,0.727246
752,0.721875
754,0.73584
752,0.726172
758,0.734766
755,0.73584
756,0.731543
763,0.73584
758,0.733691
763,0.734766
760,0.734766
763,0.736914
765,0.73584
764,0.731543
769,0.73584
765,0.734766
767,0.739063
771,0.565039
771,0.816406
769,0.736914
776,0.73584
772,0.986133
775,0.731543
774,0.739063
778,0.737988
779,0.71543
780,0.737988
781,0.739063
781,0.739063
780,0.698242
787,0.739063
783,0.73584
786,0.742285
789,0.734766
789,0.743359
788,0.741211
795,0.654199
792,0.742285
796,0.766992
796,0.75625
800,0.726172
800,0.75625
803,0.750879
805,0.689648
806,0.753027
808,0.755176
810,0.757324
813,0.75625
814,0.758398
817,0.761621
820,0.753027
820,0.765918
825,0.696094
829,0.770215
826,0.825
835,0.773438
831,0.773438
834,0.775586
839,0.780957
842,0.634863
840,0.78418
846,0.876563
848,0.786328
847,0.791699
853,0.792773
856,0.792773
856,0.794922
862,0.795996
864,0.79707
864,0.50166
869,0.803516
873,0.807813
873,0.811035
876,0.811035
880,0.81748
883,0.819629
887,0.819629
887,0.825
892,0.799219
894,0.825
895,0.830371
902,0.857227
904,0.814258
903,0.844336
909,0.842188
909,0.843262
912,0.842188
918,0.847559
917,0.406055
923,0.854004
924,0.851855
927,0.858301
933,0.860449
935,0.846484
938,0.863672
939,0.80459
940,0.870117
946,0.866895
946,0.983984
952,0.876563
956,0.903418
957,0.880859
959,0.883008
964,0.896973
964,0.889453
973,0.890527
972,0.923828
977,0.895898
980,0.899121
981,0.856152
988,0.904492
988,0.907715
996,0.907715
998,0.929199
1003,0.913086
1003,0.916309
1005,0.919531
1009,0.935645
1011,0.922754
1015,0.924902
1020,0.925977
1020,0.928125
1026,0.930273
1025,0.930273
1034,0.931348
1034,0.930273
1033,0.933496
1040,0.947461
1042,0.938867
1045,0.939941
1047,0.94209
1054,0.944238
1051,0.944238
1056,0.947461
1060,0.949609
1064,0.949609
1070,0.951758
1065,0.952832
1074,0.953906
1072,0.953906
1075,0.979688
1082,1.03447
1078,0.959277
1090,0.9625
1089,0.964648
1089,0.964648
1095,0.972168
1094,0.967871
1104,0.567188
1103,0.920605
1109,0.971094
1113,1.04844
1115,0.972168
1117,0.968945
1117,1.03662
1121,0.975391
1122,0.848633
1128,0.976465
1130,0.951758
1137,0.978613
1134,0.979688
1141,0.978613
1144,0.98291
1146,1.02588
1150,0.983984
1149,0
1153,0.983984
1163,0.988281
1161,0.989355
1168,0.989355
1166,0.988281
1175,0.987207
1172,0.992578
1175,0.993652
1180,0.993652
1183,0.993652
1180,0.994727
1185,0.996875
1190,0.999023
1192,0.997949
1193,0.995801
1201,1.00332
1197,0.994727
1204,1.00332
1203,1.08066
1204,1.00762
1212,1.00654
1215,1.04736
1210,1.00869
1218,1.01191
1216,1.01084
1223,1.01191
1221,1.01191
1221,1.01084
1219,1.00654
1224,1.00762
1220,0.925977
1226,1.01084
1226,1.02803
1232,1.01836
1233,1.01621
1235,1.01514
1230,1.01191
1233,1.00977
1232,1.01084
1235,1.00869
1233,1.01406
1241,1.01084
1240,1.01621
1242,1.02051
1242,1.02373
1245,1.02266
1243,1.02158
1251,1.02373
1244,1.02051
1250,1.06348
1248,1.0248
1253,1.02695
1251,1.02158
1257,1.0291
1258,1.0291
1259,1.0248
1261,1.03125
1264,1.03232
1261,1.03984
1265,1.02373
1266,1.02373
1269,1.02051
1265,1.02695
1268,1.02588
1265,1.02373
1272,1.05488
1272,1.02803
1273,1.02695
1273,1.03447
1277,1.02803
1278,1.03125
1280,1.071
1275,1.01621
1281,1.01406
1278,1.00654
1277,0.997949
1274,0.991504
1277,0.858301
1276,0.981836
1275,0.978613
1272,0.975391
1278,0.968945
1273,0.971094
1272,0.965723
1273,0.960352
1274,0.957129
1272,0.951758
1274,0.946387
1274,0.947461
1271,0.943164
1271,0.935645
1272,0.932422
1270,0.867969
1269,0.930273
1270,0.928125
1268,0.927051
1269,1.09893
1267,0.913086
1268,0.912012
1268,0.902344
1267,0.903418
1266,0.89375
1266,0.884082
1268,0.888379
1264,0.885156
1267,0.884082
1262,0.879785
1265,0.878711
1261,0.880859
1266,0.905566
1262,0.871191
1261,0.86582
1263,0.861523
1262,0.858301
1259,0.854004
1263,0.848633
1258,0.848633
1260,0.85293
1257,0.846484
1260,0.840039
1257,0.842188
1263,0.842188
1258,0.841113
1259,0.862598
1257,0.795996
1259,0.840039
1253,0.837891
1255,0.836816
1254,0.835742
1254,0.827148
1252,0.979688
1254,0.854004
1252,0.816406
1252,0.741211
1250,0.799219
1252,0.789551
1248,0.793848
1252,0.788477
1249,0.782031
1249,0.77666
1248,0.77666
1248,0.772363
1247,0.904492
1248,0.764844
1245,0.760547
1247,0.755176
1244,0.754102
1245,0.751953
1242,0.740137
1243,0.747656
1242,0.743359
1243,0.741211
1241,0.739063
1241,0.736914
1239,0.751953
1242,0.729395
1239,0.725098
1239,0.722949
1240,0.720801
1239,0.718652
1235,0.71543
1238,0.713281
1236,0.711133
1236,0.708984
1234,0.706836
1237,0.705762
1235,0.703613
1236,0.701465
1234,0.700391
1232,0.699316
1232,0.697168
1232,0.698242
1231,0.690723
1230,0.688574
1228,0.686426
1228,0.681055
1227,0.681055
1228,0.67998
1228,0.678906
1227,0.676758
1226,0.675684
1225,0.673535
1226,0.66709
1224,0.669238
1225,0.669238
1223,0.669238
1224,0.666016
1222,0.703613
1222,0.661719
1221,0.661719
1221,0.64668
1223,0.653125
1220,0.638086
1222,0.655273
1219,0.654199
1220,0.635938
1217,0.649902
1220,0.649902
1217,0.647754
1217,0.643457
1217,0.645605
1218,0.644531
1217,0.640234
1218,0.641309
1213,0.640234
1215,0.637012
1213,0.637012
1214,0.637012
1212,0.637012
1214,0.634863
1212,0.631641
1211,0.630566
1211,0.630566
1211,0.40498
1212,0.643457
1208,0.62627
1209,0.624121
1209,0.624121
1210,0.63916
1209,0.621973
1208,0.61875
1206,0.620898
1206,0.617676
1207,0.523145
1206,0.614453
1207,0.48125
1206,0.61123
1205,0.63916
1204,0.610156
1204,0.612305
1203,0.609082
1202,0.610156
1205,0.601563
1201,0.606934
1200,0.604785
1200,0.605859
1201,0.604785
1200,0.601563
1200,0.602637
1199,0.601563
1198,0.600488
1197,0.600488
1196,0.596191
1197,0.59834
1197,0.597266
1196,0.597266
1195,0.600488
1196,0.592969
1195,0.594043
1195,0.595117
1195,0.571484
1194,0.591895
1192,0.589746
1193,0.588672
1191,0.589746
1194,0.588672
1190,0.571484
1191,0.585449
1189,0.592969
1190,0.585449
1190,0.584375
1189,0.584375
1190,0.579004
1187,0.62627
1189,0.581152
1188,0.581152
1189,0.586523
1187,0.576855
1186,0.57793
1186,0.579004
1188,0.57793
1185,0.574707
1184,0.575781
1184,0.575781
1186,0.574707
1183,0.572559
1183,0.572559
1183,0.572559
1182,0.571484
1182,0.57041
1181,0.588672
1181,0.567188
1179,0.569336
1179,0.568262
1179,0.571484
1180,0.625195
1178,0.565039
1178,0.563965
1178,0.566113
1178,0.563965
1177,0.563965
1179,0.563965
1177,0.562891
1177,0.561816
1175,0.560742
1173,0.559668
1174,0.559668
1174,0.559668
1174,0.559668
1171,0.559668
1173,0.556445
1172,0.55752
1173,0.556445
1171,0.555371
1172,0.555371
1171,0.553223
1172,0.553223
1169,0.554297
1171,0.554297
1169,0.552148
1167,0.552148
1168,0.552148
1168,0.552148
1169,0.551074
1165,0.551074
1166,0.55
1167,0.55
1166,0.55
1165,0.55
1165,0.534961
1165,0.55
1164,0.545703
1163,0.547852
1164,0.545703
1163,0.546777
1161,0.544629
1161,0.545703
1161,0.543555
1162,0.543555
1158,0.543555
1162,0.54248
1160,0.541406
1159,0.541406
1158,0.540332
1160,0.541406
1159,0.539258
1157,0.537109
1158,0.537109
1156,0.538184
1156,0.537109
1156,0.537109
1158,0.537109
1154,0.537109
1155,0.537109
1154,0.536035
1155,0.536035
1152,0.536035
1154,0.533887
1153,0.532813
1153,0.533887
1152,0.533887
1153,0.534961
1150,0.532813
1150,0.533887
1151,0.531738
1149,0.52959
1149,0.530664
1149,0.531738
1149,0.530664
1148,0.52959
1149,0.528516
1147,0.528516
1147,0.527441
1147,0.527441
1146,0.528516
1145,0.528516
1145,0.526367
1145,0.525293
1146,0.526367
1143,0.524219
1144,0.525293
1144,0.524219
1142,0.525293
1142,0.525293
1142,0.524219
1140,0.523145
1141,0.524219
1143,0.523145
1137,0.523145
1141,0.520996
1139,0.523145
1139,0.520996
1140,0.52207
1138,0.519922
1137,0.518848
1138,0.519922
1136,0.520996
1136,0.518848
1137,0.517773
1134,0.519922
1137,0.518848
1134,0.517773
1134,0.516699
1135,0.517773
1134,0.517773
1133,0.516699
1133,0.516699
1131,0.517773
1132,0.515625
1133,0.515625
1129,0.515625
1133,0.513477
1129,0.514551
1131,0.514551
1131,0.513477
1130,0.513477
1129,0.513477
1127,0.513477
1128,0.515625
1127,0.512402
1128,0.511328
1125,0.511328
1127,0.512402
1127,0.50918
1128,0.511328
1125,0.511328
1125,0.511328
1124,0.50918
1122,0.510254
1126,0.510254
1121,0.510254
1124,0.508105
1122,0.510254
1123,0.508105
1123,0.507031
1121,0.508105
1121,0.508105
1119,0.505957
1120,0.507031
1119,0.505957
1119,0.505957
1118,0.505957
1120,0.505957
1118,0.504883
1119,0.504883
1117,0.505957
1117,0.503809
1115,0.507031
1116,0.503809
1116,0.503809
1113,0.503809
1118,0.502734
1113,0.503809
1117,0.502734
1113,0.502734
1114,0.502734
1112,0.502734
1112,0.500586
1112,0.50166
1110,0.500586
1113,0.50166
1110,0.500586
1113,0.500586
1109,0.499512
1110,0.499512
1108,0.499512
1109,0.499512
1109,0.499512
1106,0.499512
1109,0.498438
1107,0.498438
1109,0.498438
1107,0.498438
1106,0.497363
1107,0.499512
1105,0.495215
1105,0.510254
1104,0.497363
1105,0.497363
1105,0.496289
1105,0.497363
1104,0.495215
1102,0.497363
1103,0.496289
1101,0.495215
1101,0.496289
1101,0.495215
1102,0.496289
1101,0.494141
1100,0.495215
1100,0.495215
1097,0.494141
1100,0.495215
1096,0.494141
1100,0.494141
1096,0.493066
1100,0.495215
1096,0.494141
1097,0.493066
1095,0.494141
1096,0.493066
1095,0.493066
1094,0.494141
1095,0.493066
1095,0.491992
1094,0.491992
1094,0.493066
1091,0.489844
1094,0.490918
1090,0.490918
1093,0.489844
1091,0.490918
1093,0.489844
1090,0.489844
1093,0.493066
1089,0.489844
1089,0.490918
1090,0.490918
1088,0.489844
1089,0.490918
1089,0.490918
1088,0.48877
1087,0.489844
1087,0.48877
1088,0.48877
1084,0.489844
1088,0.489844
1085,0.487695
1086,0.484473
1085,0.48877
1083,0.487695
1082,0.487695
1084,0.487695
1082,0.467285
1084,0.486621
1081,0.48877
1083,0.487695
1080,0.486621
1080,0.485547
1080,0.48877
1080,0.487695
1082,0.487695
1079,0.486621
1080,0.487695
1078,0.486621
1078,0.487695
1078,0.487695
1077,0.486621
1078,0.487695
1077,0.48877
1078,0.486621
1076,0.486621
1074,0.486621
1076,0.485547
1074,0.485547
1075,0.485547
1075,0.485547
1074,0.486621
1074,0.483398
1071,0.485547
1073,0.485547
1071,0.485547
1072,0.486621
1073,0.486621
1070,0.485547
1071,0.485547
1069,0.485547
1069,0.486621
1070,0.485547
1070,0.484473
1069,0.485547
1069,0.486621
1068,0.485547
1067,0.485547
1067,0.484473
1066,0.485547
1067,0.484473
1067,0.485547
1066,0.484473
1064,0.485547
1064,0.484473
1064,0.485547
1064,0.485547
1065,0.485547
1064,0.489844
1063,0.485547
1062,0.479102
1061,0.48877
1062,0.486621
1061,0.486621
1063,0.486621
1061,0.485547
1059,0.484473
1061,0.486621
1057,0.485547
1061,0.485547
1058,0.484473
1060,0.485547
1058,0.484473
1056,0.485547
1059,0.483398
1054,0.485547
1058,0.486621
1058,0.485547
1056,0.485547
1056,0.485547
1054,0.484473
1054,0.487695
1055,0.485547
1054,0.486621
1054,0.486621
1052,0.487695
1052,0.487695
1053,0.486621
1051,0.485547
1053,0.486621
1051,0.486621
1050,0.486621
1052,0.485547
1047,0.486621
1051,0.487695
1050,0.485547
1049,0.487695
1048,0.486621
1047,0.48877
1047,0.484473
1047,0.487695
1049,0.48877
1046,0.487695
1047,0.48877
1045,0.48877
1043,0.48877
1047,0.48877
1045,0.48877
1045,0.48877
1044,0.487695
1042,0.48877
1043,0.487695
1043,0.489844
1043,0.48877
1042,0.48877
1043,0.48877
1040,0.48877
1039,0.48877
1043,0.487695
1040,0.48877
1041,0.487695
1040,0.48877
1037,0.48877
1039,0.48877
1038,0.490918
1039,0.48877
1038,0.48877
1037,0.48877
1037,0.490918
1035,0.489844
1038,0.491992
1036,0.489844
1036,0.490918
1035,0.490918
1034,0.490918
1034,0.489844
1033,0.489844
1037,0.48877
1033,0.489844
1031,0.48877
1034,0.489844
1030,0.489844
1033,0.48877
1032,0.48877
1032,0.489844
1029,0.489844
1029,0.48877
1032,0.48877
1028,0.48877
1031,0.48877
1029,0.489844
1027,0.489844
1028,0.489844
1027,0.486621
1030,0.490918
1027,0.487695
1025,0.489844
1024,0.487695
1027,0.487695
1026,0.485547
1026,0.48877
1023,0.487695
1022,0.487695
1026,0.487695
1024,0.486621
1023,0.487695
1022,0.484473
1022,0.48877
1022,0.487695
1020,0.486621
1024,0.486621
1021,0.487695
1019,0.485547
1020,0.487695
1019,0.487695
1022,0.487695
1018,0.486621
1017,0.486621
1020,0.486621
1016,0.486621
1019,0.485547
1018,0.487695
1017,0.485547
1016,0.485547
1014,0.484473
1017,0.485547
1017,0.485547
1015,0.486621
1014,0.485547
1012,0.484473
1016,0.485547
1014,0.484473
1014,0.483398
1012,0.483398
1012,0.483398
1012,0.484473
1012,0.484473
1013,0.484473
1011,0.484473
1009,0.484473
1010,0.484473
1010,0.484473
1012,0.483398
1009,0.483398
1008,0.483398
1008,0.483398
1007,0.483398
1011,0.482324
1007,0.482324
1006,0.48125
1006,0.48125
1006,0.482324
1009,0.482324
1006,0.48125
1003,0.482324
1005,0.484473
1004,0.482324
1007,0.482324
1004,0.48125
1001,0.48125
1004,0.48125
1002,0.48125
1005,0.482324
1002,0.48125
1000,0.48125
1002,0.48125
1000,0.480176
1003,0.48125
1000,0.480176
999,0.478027
1000,0.479102
998,0.480176
1002,0.479102
997,0.478027
998,0.478027
996,0.476953
1000,0.479102
997,0.478027
995,0.474805
996,0.479102
995,0.478027
998,0.480176
995,0.479102
993,0.478027
995,0.479102
992,0.479102
997,0.478027
993,0.478027
991,0.478027
993,0.476953
991,0.476953
995,0.476953
992,0.478027
989,0.475879
991,0.476953
990,0.475879
992,0.475879
990,0.475879
988,0.476953
989,0.476953
988,0.474805
990,0.475879
988,0.476953
986,0.475879
989,0.475879
987,0.475879
987,0.474805
986,0.475879
984,0.475879
987,0.475879
986,0.47373
986,0.475879
983,0.474805
982,0.474805
986,0.474805
984,0.472656
983,0.472656
983,0.47373
981,0.47373
984,0.47373
981,0.47373
980,0.47373
982,0.47373
979,0.47373
984,0.47373
979,0.475879
978,0.47373
979,0.47373
979,0.474805
980,0.472656
978,0.471582
977,0.474805
978,0.472656
978,0.474805
977,0.47373
976,0.471582
974,0.472656
978,0.470508
976,0.470508
975,0.471582
975,0.470508
972,0.471582
977,0.472656
973,0.470508
972,0.470508
973,0.472656
972,0.470508
975,0.470508
972,0.471582
971,0.470508
971,0.470508
972,0.470508
969,0.470508
968,0.470508
971,0.470508
970,0.470508
969,0.469434
969,0.469434
966,0.470508
971,0.470508
967,0.469434
966,0.469434
966,0.469434
966,0.468359
969,0.469434
965,0.468359
964,0.467285
966,0.468359
966,0.469434
965,0.468359
963,0.467285
962,0.468359
965,0.468359
963,0.468359
962,0.469434
962,0.470508
962,0.468359
964,0.466211
961,0.468359
959,0.468359
962,0.467285
961,0.469434
961,0.469434
959,0.467285
957,0.464063
961,0.467285
959,0.466211
956,0.466211
959,0.466211
957,0.466211
959,0.466211
956,0.466211
955,0.464063
958,0.465137
957,0.467285
955,0.468359
955,0.467285
954,0.467285
957,0.468359
954,0.466211
952,0.467285
954,0.467285
953,0.468359
954,0.464063
952,0.466211
950,0.467285
954,0.465137
952,0.465137
950,0.464063
951,0.464063
950,0.462988
952,0.465137
949,0.465137
949,0.465137
950,0.462988
949,0.464063
949,0.464063
948,0.464063
946,0.461914
950,0.464063
947,0.464063
946,0.465137
947,0.464063
946,0.464063
947,0.462988
945,0.465137
943,0.462988
947,0.466211
945,0.461914
942,0.462988
944,0.461914
944,0.462988
944,0.464063
942,0.462988
941,0.46084
944,0.464063
942,0.462988
941,0.46084
941,0.461914
940,0.462988
943,0.461914
939,0.461914
938,0.46084
941,0.464063
940,0.462988
938,0.462988
938,0.464063
938,0.462988
940,0.461914
937,0.462988
935,0.46084
938,0.461914
938,0.462988
935,0.46084
935,0.459766
935,0.46084
938,0.46084
934,0.459766
932,0.46084
937,0.461914
934,0.46084
932,0.46084
934,0.462988
932,0.46084
934,0.459766
932,0.461914
930,0.46084
934,0.461914
931,0.461914
930,0.461914
931,0.46084
930,0.46084
931,0.46084
929,0.46084
928,0.459766
931,0.46084
929,0.459766
926,0.458691
929,0.458691
928,0.459766
927,0.458691
927,0.458691
925,0.458691
928,0.458691
926,0.458691
924,0.459766
926,0.457617
925,0.461914
924,0.459766
924,0.46084
924,0.459766
925,0.459766
923,0.458691
921,0.459766
925,0.458691
923,0.458691
921,0.458691
921,0.459766
922,0.457617
922,0.458691
921,0.458691
918,0.457617
919,0.458691
917,0.458691
920,0.459766
919,0.457617
918,0.457617
918,0.455469
917,0.456543
919,0.455469
917,0.458691
915,0.459766
918,0.457617
917,0.456543
915,0.458691
915,0.457617
916,0.457617
915,0.456543
914,0.458691
912,0.457617
917,0.457617
912,0.456543
911,0.457617
915,0.455469
913,0.457617
911,0.456543
913,0.457617
912,0.455469
912,0.455469
910,0.454395
909,0.456543
913,0.455469
908,0.457617
908,0.457617
911,0.456543
910,0.457617
907,0.456543
909,0.455469
908,0.456543
909,0.456543
907,0.456543
905,0.454395
909,0.458691
905,0.456543
904,0.455469
908,0.452246
906,0.455469
904,0.451172
905,0.456543
905,0.454395
905,0.454395
903,0.456543
902,0.456543
905,0.456543
902,0.454395
901,0.457617
904,0.457617
903,0.454395
900,0.457617
901,0.456543
901,0.456543
900,0.455469
900,0.456543
900,0.454395
901,0.454395
899,0.456543
897,0.454395
902,0.45332
897,0.454395
896,0.452246
899,0.454395
898,0.45332
896,0.455469
897,0.45332
897,0.45332
896,0.45332
896,0.454395
893,0.454395
893,0.454395
894,0.454395
897,0.455469
893,0.45332
892,0.454395
893,0.45332
894,0.452246
891,0.455469
893,0.454395
892,0.45332
893,0.45332
891,0.454395
889,0.452246
893,0.45332
889,0.452246
889,0.452246
892,0.452246
889,0.452246
887,0.452246
889,0.45332
890,0.45332
887,0.454395
888,0.452246
888,0.452246
887,0.45332
886,0.45332
886,0.452246
888,0.45332
886,0.455469
883,0.452246
888,0.45332
883,0.454395
883,0.451172
887,0.451172
885,0.451172
882,0.450098
883,0.449023
884,0.451172
881,0.452246
883,0.452246
883,0.449023
882,0.452246
881,0.451172
880,0.452246
883,0.45332
880,0.45332
878,0.452246
882,0.45332
878,0.452246
878,0.452246
881,0.452246
879,0.45332
877,0.450098
878,0.452246
879,0.452246
876,0.451172
878,0.451172
877,0.451172
875,0.450098
876,0.451172
876,0.449023
877,0.449023
875,0.452246
873,0.450098
876,0.447949
873,0.451172
873,0.452246
876,0.450098
872,0.451172
871,0.452246
875,0.451172
873,0.451172
