415,0.629492
418,0.653125
415,0.674609
418,0.672461
420,0.604785
418,0.654199
422,0.621973
424,0.688574
423,0.711133
425,0.645605
426,0.620898
424,0.624121
428,0.656348
429,0.697168
429,0.681055
430,0.602637
432,0.572559
431,0.669238
434,0.664941
436,1.0624
435,0.613379
435,0.592969
439,0.666016
437,0.660645
439,0.71543
442,0.63916
439,0.596191
444,0.591895
441,0.649902
443,0.729395
448,0.762695
444,0.630566
449,0.574707
447,0.583301
448,0.606934
451,0.675684
453,0.74873
451,0.696094
454,0.594043
457,0.576855
454,0.589746
461,0.623047
457,0.661719
462,0.771289
460,0.677832
462,1.01191
465,0.574707
467,0.568262
465,0.572559
469,0.614453
467,0.647754
471,0.691797
473,0.686426
474,0.663867
474,0.596191
476,0.551074
474,0.545703
483,0.619824
479,0.624121
482,0.65957
482,0.653125
482,0.702539
486,0.67998
487,0.65957
489,0.656348
488,0.79707
490,0.560742
492,0.562891
495,0.594043
492,0.602637
496,0.633789
495,0.638086
499,0.625195
501,0.640234
500,0.635938
503,0.643457
501,0.645605
504,0.6875
508,0.641309
506,0.641309
508,0.616602
508,0.61875
511,0.619824
512,0.74873
512,1.06348
514,0.575781
514,0.55752
519,0.566113
518,0.572559
520,0.582227
519,0.591895
519,0.592969
526,0.594043
522,0.617676
524,0.599414
526,0.596191
528,0.59082
529,0.613379
529,0.583301
532,0.588672
529,0.580078
535,0.614453
537,0.59082
535,0.608008
536,0.603711
537,0.624121
541,0.614453
539,0.632715
541,0.613379
544,0.601563
545,0.595117
546,0.592969
545,0.587598
550,0.571484
546,0.645605
551,0.631641
551,0.620898
554,0.643457
554,0.61875
553,0.612305
559,0.629492
556,0.629492
561,0.627344
558,0.604785
562,0.595117
563,0.597266
564,0.579004
566,0.592969
568,0.587598
569,0.592969
569,0.589746
574,0.673535
571,0.61875
577,0.61123
575,0.614453
576,0.609082
577,0.608008
580,0.608008
581,0.613379
583,0.599414
582,0.59082
584,0.585449
587,0.650977
587,0.61123
591,0.613379
588,0.623047
596,0.59834
593,0.599414
596,0.603711
594,0.599414
599,0.783105
599,0.638086
600,0.61875
602,0.621973
605,0.61123
606,0.631641
606,0.605859
609,0.601563
611,0.632715
611,0.62627
613,0.633789
614,0.613379
615,0.616602
618,0.599414
620,0.641309
619,0.627344
620,0.641309
624,0.617676
623,0.621973
624,0.604785
628,0.620898
630,0.63916
629,0.616602
631,0.615527
634,0.617676
636,0.624121
634,0.621973
635,0.630566
638,0.627344
640,0.61875
641,0.627344
641,0.624121
644,0.630566
646,0.625195
646,0.617676
646,0.633789
651,0.634863
650,0.631641
652,0.624121
652,0.637012
656,0.627344
653,0.633789
656,0.632715
654,0.669238
662,0.632715
657,0.641309
662,0.632715
660,0.637012
665,0.657422
663,0.637012
664,0.633789
666,0.640234
667,0.640234
668,0.640234
667,0.631641
673,0.634863
670,0.638086
672,0.642383
670,0.642383
677,0.765918
673,0.644531
676,0.643457
676,0.650977
679,0.669238
678,0.643457
677,0.643457
681,0.648828
681,0.64668
682,0.64668
680,0.637012
686,0.64668
683,0.644531
686,0.648828
686,0.64668
687,0.649902
686,0.653125
689,0.64668
691,0.650977
690,0.643457
692,0.650977
688,0.649902
696,0.645605
693,0.645605
694,0.647754
694,0.624121
695,0.644531
697,0.649902
698,0.647754
701,0.63916
697,0.647754
703,0.643457
702,0.638086
704,0.638086
703,0.645605
704,0.637012
708,0.634863
705,0.642383
708,0.637012
708,0.632715
711,0.638086
711,0.63916
710,0.633789
715,0.634863
715,0.628418
715,0.62627
714,0.630566
720,0.628418
715,0.624121
717,0.628418
725,0.631641
720,0.624121
721,0.632715
724,0.624121
727,0.627344
722,0.627344
726,0.624121
730,0.623047
727,0.641309
730,0.61875
730,0.627344
731,0.617676
732,0.615527
733,0.620898
736,0.619824
736,0.620898
736,0.666016
737,0.61123
738,0.617676
740,0.615527
738,0.613379
745,0.617676
741,0.615527
744,0.613379
747,0.612305
743,0.612305
748,0.613379
747,0.612305
751,0.612305
751,0.614453
749,0.61123
757,0.610156
754,0.61123
752,0.612305
759,0.610156
754,0.608008
759,0.614453
758,0.601563
760,0.603711
765,0.605859
760,0.608008
767,0.603711
764,0.604785
766,0.608008
770,0.601563
770,0.614453
770,0.603711
776,0.602637
773,0.603711
778,0.604785
777,0.603711
779,0.602637
781,0.601563
782,0.597266
784,0.602637
787,0.603711
786,0.604785
794,0.602637
792,0.604785
794,0.604785
799,0.608008
799,0.604785
799,0.603711
805,0.604785
803,0.606934
806,0.608008
814,0.608008
810,0.610156
815,0.608008
818,0.616602
820,0.608008
824,0.616602
824,0.613379
827,0.616602
832,0.616602
833,0.61123
835,0.617676
839,0.616602
844,0.617676
845,0.619824
849,0.617676
849,0.637012
849,0.619824
856,0.621973
859,0.627344
858,0.61875
861,0.627344
868,0.630566
870,0.625195
870,0.633789
876,0.631641
874,0.632715
882,0.638086
886,0.637012
887,0.630566
889,0.63916
893,0.638086
894,0.637012
897,0.642383
900,0.644531
909,0.645605
911,0.645605
907,0.652051
909,0.649902
917,0.654199
918,0.655273
919,0.660645
926,0.660645
928,0.663867
932,0.663867
932,0.66709
935,0.669238
942,0.672461
941,0.674609
946,0.678906
953,0.67998
951,0.629492
956,0.684277
956,0.685352
961,0.685352
968,0.691797
971,0.693945
971,0.747656
974,0.700391
978,0.703613
982,0.702539
981,0.705762
983,0.708984
991,0.712207
992,0.713281
996,0.716504
998,0.716504
1000,0.719727
1008,0.722949
1006,0.721875
1010,0.724023
1016,0.72832
1016,0.731543
1022,0.734766
1023,0.73584
1027,0.736914
1026,0.737988
1032,0.744434
1035,0.747656
1034,0.744434
1046,0.719727
1047,0.740137
1047,0.739063
1052,0.739063
1053,0.755176
1060,0.747656
1062,0.773438
1066,0.71543
1069,0.764844
1069,0.765918
1074,0.766992
1072,0.765918
1080,0.768066
1085,0.771289
1084,0.771289
1091,0.771289
1088,0.771289
1094,0.771289
1096,0.775586
1101,0.779883
1100,0.782031
1113,0.782031
1107,0.78418
1123,0.787402
1114,0.791699
1118,0.792773
1123,0.792773
1122,0.790625
1135,0.79707
1132,0.799219
1136,0.802441
1137,0.802441
1140,0.803516
1143,0.80459
1143,0.802441
1145,0.811035
1149,0.811035
1155,0.816406
1155,0.811035
1164,0.812109
1160,0.814258
1166,0.818555
1169,0.820703
1175,0.820703
1172,0.821777
1177,0.823926
1181,0.830371
1184,0.831445
1181,0.828223
1186,0.828223
1189,0.835742
1192,0.837891
1191,0.836816
1197,0.838965
1197,0.84541
1199,0.847559
1205,0.847559
1204,0.848633
1209,0.857227
1210,0.822852
1211,0.859375
1213,0.857227
1215,0.862598
1217,0.866895
1223,0.867969
1221,0.866895
1225,0.870117
1225,0.867969
1231,0.864746
1229,0.875488
1235,0.879785
1232,0.878711
1239,0.880859
1240,0.916309
1242,0.879785
1239,0.878711
1245,0.885156
1243,0.885156
1245,0.885156
1246,0.890527
1254,0.889453
1250,0.884082
1255,0.875488
1257,0.880859
1261,0.877637
1255,0.884082
1263,0.883008
1255,0.87334
1264,0.872266
1257,0.871191
1264,0.870117
1260,0.858301
1262,0.849707
1259,0.856152
1267,0.86582
1263,0.869043
1268,0.871191
1264,0.872266
1271,0.870117
1263,0.872266
1270,0.867969
1264,0.859375
1270,0.850781
1267,0.847559
1270,0.841113
1267,0.829297
1270,0.829297
1270,0.825
1270,0.819629
1268,0.818555
1272,0.809961
1268,0.812109
1270,0.811035
1266,0.80459
1269,0.799219
1265,0.795996
1269,0.794922
1267,0.792773
1269,0.786328
1266,0.782031
1271,0.825
1264,0.77666
1268,0.777734
1264,0.773438
1268,0.770215
1264,0.770215
1267,0.766992
1263,0.94209
1267,0.802441
1263,0.757324
1265,0.75625
1262,0.749805
1265,0.749805
1260,0.753027
1264,0.747656
1259,0.750879
1261,0.749805
1258,0.742285
1262,0.73584
1260,0.724023
1260,0.724023
1258,0.720801
1259,0.727246
1257,0.727246
1258,0.72832
1257,0.726172
1257,0.721875
1257,0.706836
1254,0.706836
1255,0.702539
1255,0.697168
1253,0.691797
1253,0.689648
1252,0.691797
1251,0.6875
1252,0.685352
1252,0.67998
1252,0.677832
1250,0.675684
1248,0.677832
1249,0.673535
1248,0.674609
1248,0.669238
1247,0.668164
1245,0.66709
1246,0.663867
1245,0.661719
1244,0.658496
1245,0.657422
1245,0.658496
1245,0.657422
1242,0.657422
1242,0.657422
1241,0.656348
1240,0.655273
1243,0.654199
1239,0.653125
1239,0.652051
1239,0.649902
1238,0.648828
1238,0.64668
1240,0.644531
1237,0.642383
1236,0.641309
1235,0.642383
1236,0.642383
1234,0.642383
1235,0.641309
1234,0.657422
1235,0.63916
1232,0.638086
1233,0.638086
1231,0.634863
1232,0.634863
1230,0.634863
1232,0.634863
1230,0.633789
1230,0.632715
1228,0.630566
1230,0.633789
1227,0.629492
1229,0.632715
1227,0.628418
1228,0.627344
1227,0.627344
1228,0.627344
1225,0.627344
1227,0.625195
1223,0.625195
1226,0.625195
1222,0.624121
1224,0.621973
1222,0.623047
1224,0.624121
1220,0.621973
1223,0.619824
1221,0.634863
1222,0.620898
1220,0.619824
1224,0.588672
1217,0.61875
1219,0.617676
1218,0.617676
1221,0.615527
1218,0.616602
1219,0.615527
1220,0.614453
1217,0.615527
1217,0.613379
1215,0.614453
1215,0.614453
1215,0.613379
1214,0.613379
1213,0.610156
1213,0.612305
1214,0.610156
1213,0.61123
1211,0.608008
1213,0.609082
1209,0.606934
1213,0.610156
1209,0.605859
1210,0.609082
1210,0.605859
1210,0.608008
1207,0.605859
1209,0.605859
1206,0.604785
1208,0.605859
1205,0.605859
1207,0.603711
1205,0.638086
1207,0.602637
1204,0.603711
1205,0.602637
1202,0.603711
1205,0.596191
1204,0.601563
1202,0.602637
1204,0.601563
1201,0.599414
1200,0.600488
1201,0.600488
1200,0.600488
1200,0.600488
1201,0.599414
1199,0.599414
1200,0.59834
1197,0.597266
1199,0.59834
1197,0.597266
1199,0.597266
1196,0.595117
1197,0.597266
1194,0.596191
1197,0.595117
1194,0.595117
1196,0.596191
1192,0.594043
1194,0.594043
1193,0.594043
1193,0.594043
1193,0.594043
1192,0.591895
1192,0.592969
1189,0.594043
1192,0.592969
1190,0.591895
1192,0.591895
1188,0.591895
1189,0.587598
1189,0.59082
1189,0.589746
1188,0.59082
1189,0.59082
1185,0.59082
1188,0.59082
1185,0.588672
1186,0.587598
1183,0.588672
1186,0.588672
1185,0.588672
1186,0.588672
1183,0.587598
1182,0.587598
1182,0.585449
1182,0.584375
1182,0.586523
1182,0.587598
1183,0.591895
1180,0.586523
1182,0.586523
1179,0.585449
1180,0.584375
1179,0.583301
1181,0.584375
1177,0.584375
1177,0.584375
1178,0.583301
1177,0.583301
1178,0.583301
1175,0.585449
1175,0.583301
1175,0.582227
1175,0.582227
1176,0.582227
1174,0.582227
1174,0.582227
1175,0.580078
1172,0.582227
1174,0.581152
1171,0.581152
1173,0.580078
1170,0.581152
1170,0.580078
1170,0.579004
1170,0.579004
1170,0.580078
1168,0.579004
1169,0.57793
1169,0.57793
1168,0.57793
1167,0.576855
1168,0.576855
1167,0.57793
1167,0.57793
1165,0.57793
1166,0.576855
1166,0.57793
1163,0.576855
1164,0.576855
1164,0.576855
1164,0.576855
1161,0.575781
1163,0.576855
1162,0.574707
1162,0.574707
1161,0.57793
1163,0.575781
1160,0.574707
1161,0.574707
1159,0.574707
1160,0.572559
1159,0.574707
1158,0.573633
1159,0.572559
1156,0.572559
1157,0.573633
1157,0.573633
1157,0.572559
1156,0.571484
1157,0.571484
1157,0.57041
1155,0.572559
1155,0.573633
1155,0.580078
1152,0.571484
1153,0.57041
1153,0.568262
1153,0.57041
1152,0.571484
1151,0.571484
1152,0.57041
1150,0.568262
1153,0.569336
1151,0.569336
1149,0.569336
1150,0.569336
1151,0.567188
1147,0.568262
1148,0.57041
1148,0.569336
1146,0.568262
1147,0.568262
1148,0.568262
1146,0.568262
1146,0.568262
1146,0.567188
1145,0.567188
1145,0.568262
1145,0.567188
1143,0.567188
1145,0.566113
1143,0.566113
1142,0.565039
1141,0.565039
1144,0.566113
1140,0.566113
1143,0.566113
1141,0.566113
1141,0.566113
1139,0.567188
1140,0.565039
1138,0.567188
1139,0.566113
1138,0.563965
1136,0.563965
1139,0.565039
1137,0.563965
1138,0.563965
1137,0.563965
1137,0.562891
1135,0.562891
1135,0.563965
1135,0.562891
1134,0.562891
1134,0.562891
1133,0.562891
1135,0.561816
1132,0.561816
1134,0.561816
1134,0.563965
1131,0.560742
1133,0.561816
1129,0.551074
1131,0.561816
1129,0.560742
1129,0.560742
1130,0.559668
1129,0.561816
1128,0.560742
1130,0.560742
1127,0.561816
1128,0.559668
1126,0.562891
1125,0.559668
1128,0.559668
1123,0.558594
1126,0.556445
1125,0.559668
1125,0.559668
1125,0.55752
1123,0.558594
1125,0.558594
1122,0.558594
1122,0.560742
1121,0.560742
1121,0.559668
1122,0.55752
1121,0.558594
1121,0.55752
1120,0.558594
1120,0.55752
1118,0.558594
1117,0.55752
1120,0.556445
1116,0.561816
1119,0.554297
1117,0.556445
1118,0.556445
1116,0.556445
1116,0.55752
1116,0.555371
1114,0.555371
1116,0.556445
1112,0.556445
1115,0.556445
1113,0.556445
1116,0.556445
1113,0.554297
1113,0.572559
1113,0.55752
1109,0.556445
1114,0.556445
1108,0.555371
1113,0.556445
1109,0.555371
1111,0.555371
1110,0.555371
1109,0.555371
1109,0.552148
1106,0.554297
1109,0.555371
1105,0.560742
1109,0.553223
1106,0.553223
1109,0.554297
1106,0.553223
1106,0.554297
1105,0.553223
1103,0.553223
1106,0.553223
1101,0.555371
1106,0.553223
1102,0.553223
1105,0.554297
1102,0.553223
1103,0.552148
1100,0.548926
1101,0.551074
1101,0.553223
1100,0.55
1101,0.551074
1101,0.552148
1100,0.551074
1099,0.552148
1097,0.551074
1100,0.552148
1096,0.551074
1098,0.553223
1097,0.552148
1099,0.552148
1097,0.552148
1097,0.552148
1095,0.55
1094,0.552148
1096,0.552148
1093,0.55
1096,0.55
1094,0.551074
1093,0.55
1092,0.55
1092,0.55
1090,0.55
1093,0.546777
1090,0.55
1092,0.551074
1092,0.55
1090,0.547852
1090,0.55
1088,0.55
1089,0.55
1087,0.548926
1090,0.548926
1088,0.548926
1088,0.551074
1088,0.55
1085,0.548926
1088,0.547852
1084,0.561816
1087,0.547852
1084,0.55
1087,0.545703
1084,0.548926
1084,0.547852
1083,0.546777
1083,0.551074
1083,0.548926
1082,0.547852
1084,0.548926
1081,0.547852
1082,0.547852
1080,0.547852
1081,0.548926
1079,0.547852
1080,0.547852
1081,0.548926
1081,0.548926
1078,0.547852
1079,0.548926
1076,0.548926
1079,0.547852
1077,0.545703
1077,0.548926
1078,0.545703
1076,0.547852
1076,0.547852
1074,0.547852
1076,0.548926
1074,0.547852
1076,0.548926
1074,0.547852
1074,0.547852
1075,0.548926
1071,0.552148
1073,0.548926
1070,0.548926
1074,0.55
1073,0.55
1071,0.548926
1071,0.548926
1068,0.55
1072,0.585449
1068,0.547852
1070,0.548926
1070,0.548926
1069,0.547852
1068,0.55
1066,0.545703
1068,0.548926
1065,0.546777
1068,0.548926
1067,0.547852
1066,0.547852
1066,0.548926
1063,0.55
1065,0.547852
1064,0.55
1065,0.547852
1065,0.55
1063,0.55
1062,0.548926
1062,0.547852
1062,0.548926
1061,0.548926
1063,0.55
1061,0.55
1062,0.547852
1059,0.548926
1059,0.547852
1060,0.547852
1058,0.548926
1062,0.547852
1058,0.547852
1057,0.548926
1059,0.547852
1054,0.548926
1059,0.546777
1057,0.551074
1057,0.551074
1057,0.55
1053,0.552148
1056,0.553223
1053,0.551074
1056,0.55
1055,0.553223
1054,0.551074
1053,0.551074
1052,0.552148
1053,0.551074
1051,0.551074
1054,0.553223
1052,0.55
1051,0.551074
1051,0.551074
1048,0.553223
1052,0.552148
1049,0.553223
1051,0.553223
1049,0.555371
1047,0.553223
1049,0.555371
1046,0.553223
1049,0.553223
1048,0.553223
1048,0.554297
1045,0.554297
1045,0.553223
1047,0.555371
1044,0.555371
1047,0.553223
1045,0.554297
1043,0.554297
1045,0.554297
1041,0.553223
1045,0.553223
1044,0.554297
1043,0.554297
1041,0.556445
1041,0.555371
1041,0.556445
1041,0.553223
1043,0.554297
1040,0.556445
1038,0.553223
1041,0.556445
1037,0.556445
1040,0.554297
1040,0.554297
1039,0.555371
1036,0.554297
1037,0.555371
1038,0.555371
1038,0.555371
1036,0.553223
1034,0.551074
1036,0.553223
1034,0.554297
1036,0.555371
1034,0.553223
1035,0.554297
1032,0.554297
1032,0.555371
1034,0.554297
1033,0.556445
1033,0.555371
1031,0.554297
1031,0.55752
1030,0.553223
1031,0.545703
1032,0.555371
1030,0.553223
1028,0.553223
1030,0.553223
1027,0.552148
1030,0.552148
1029,0.554297
1029,0.555371
1026,0.553223
1025,0.554297
1029,0.552148
1026,0.553223
1027,0.552148
1025,0.553223
1025,0.553223
1025,0.552148
1024,0.553223
1026,0.553223
1024,0.553223
1022,0.551074
1024,0.553223
1021,0.551074
1025,0.552148
1022,0.551074
1021,0.551074
1022,0.551074
1019,0.551074
1022,0.55
1021,0.551074
1021,0.55
1018,0.553223
1018,0.551074
1021,0.552148
1018,0.553223
1019,0.552148
1018,0.551074
1016,0.551074
1018,0.552148
1016,0.551074
1019,0.552148
1016,0.551074
1014,0.548926
1015,0.551074
1014,0.55
1018,0.547852
1014,0.55
1012,0.551074
1014,0.548926
1013,0.548926
1015,0.547852
1012,0.548926
1011,0.551074
1014,0.548926
1009,0.548926
1013,0.55
1011,0.547852
1010,0.55
1011,0.548926
1007,0.548926
1010,0.55
1009,0.548926
1008,0.55
1006,0.551074
1009,0.55
1009,0.547852
1007,0.547852
1006,0.547852
1004,0.545703
1008,0.547852
1006,0.545703
1006,0.547852
1004,0.546777
1002,0.546777
1006,0.548926
1005,0.547852
1004,0.548926
1002,0.547852
1002,0.547852
1004,0.547852
1002,0.546777
1003,0.547852
1000,0.548926
1000,0.546777
1002,0.55
1001,0.545703
1000,0.544629
999,0.545703
998,0.547852
1001,0.546777
999,0.545703
999,0.546777
997,0.545703
996,0.545703
999,0.546777
997,0.545703
997,0.546777
996,0.544629
994,0.547852
997,0.545703
996,0.545703
996,0.547852
993,0.546777
992,0.543555
996,0.545703
994,0.546777
994,0.545703
992,0.545703
990,0.544629
994,0.54248
993,0.543555
991,0.544629
991,0.544629
988,0.543555
993,0.545703
990,0.544629
990,0.543555
990,0.544629
986,0.545703
991,0.543555
989,0.545703
987,0.545703
988,0.544629
986,0.543555
989,0.543555
987,0.544629
984,0.543555
987,0.541406
985,0.544629
987,0.54248
985,0.54248
983,0.543555
984,0.543555
984,0.543555
986,0.54248
983,0.543555
981,0.540332
984,0.541406
982,0.54248
983,0.543555
980,0.541406
980,0.541406
982,0.54248
982,0.543555
980,0.543555
979,0.54248
977,0.543555
981,0.54248
980,0.543555
978,0.543555
979,0.54248
976,0.543555
980,0.54248
977,0.541406
975,0.543555
976,0.54248
976,0.54248
978,0.541406
975,0.543555
974,0.541406
975,0.541406
975,0.541406
975,0.54248
973,0.54248
971,0.541406
975,0.541406
974,0.539258
973,0.541406
972,0.54248
969,0.541406
974,0.540332
971,0.540332
969,0.54248
971,0.540332
969,0.541406
973,0.540332
969,0.541406
968,0.540332
969,0.541406
968,0.540332
969,0.541406
967,0.540332
965,0.541406
969,0.538184
968,0.540332
966,0.541406
966,0.543555
964,0.541406
968,0.541406
966,0.540332
963,0.54248
964,0.539258
964,0.541406
965,0.540332
963,0.541406
961,0.540332
964,0.540332
964,0.539258
961,0.538184
963,0.540332
959,0.541406
964,0.539258
960,0.539258
959,0.540332
960,0.540332
960,0.539258
961,0.541406
958,0.538184
957,0.540332
960,0.538184
959,0.540332
958,0.539258
957,0.539258
959,0.539258
956,0.537109
955,0.537109
956,0.539258
955,0.539258
957,0.532813
954,0.538184
952,0.537109
956,0.537109
954,0.540332
953,0.538184
953,0.536035
952,0.541406
955,0.539258
951,0.538184
951,0.539258
952,0.539258
952,0.538184
951,0.539258
951,0.537109
948,0.539258
952,0.538184
950,0.538184
948,0.538184
949,0.538184
948,0.537109
950,0.537109
947,0.537109
945,0.536035
949,0.537109
948,0.540332
945,0.537109
946,0.536035
946,0.538184
947,0.539258
944,0.533887
944,0.537109
946,0.538184
945,0.537109
943,0.536035
944,0.539258
942,0.536035
945,0.539258
942,0.536035
941,0.536035
943,0.536035
942,0.539258
941,0.534961
941,0.538184
939,0.536035
943,0.538184
940,0.536035
938,0.539258
940,0.537109
940,0.537109
938,0.536035
938,0.536035
937,0.536035
940,0.539258
937,0.534961
936,0.538184
937,0.538184
937,0.536035
936,0.534961
936,0.541406
934,0.534961
938,0.536035
934,0.537109
932,0.537109
936,0.533887
934,0.537109
933,0.536035
933,0.536035
932,0.537109
935,0.538184
931,0.533887
930,0.536035
933,0.534961
932,0.534961
930,0.537109
931,0.538184
929,0.537109
933,0.537109
928,0.536035
928,0.538184
931,0.536035
929,0.536035
927,0.534961
928,0.538184
928,0.534961
929,0.533887
927,0.534961
924,0.536035
929,0.533887
927,0.538184
924,0.534961
925,0.536035
926,0.532813
925,0.536035
925,0.532813
922,0.533887
926,0.534961
923,0.536035
921,0.533887
924,0.538184
923,0.533887
922,0.532813
922,0.534961
921,0.533887
923,0.532813
920,0.534961
919,0.531738
923,0.533887
920,0.532813
919,0.534961
919,0.532813
920,0.537109
919,0.533887
918,0.533887
916,0.534961
921,0.537109
916,0.532813
915,0.537109
918,0.536035
918,0.536035
915,0.533887
916,0.537109
915,0.530664
918,0.534961
914,0.533887
913,0.532813
917,0.532813
913,0.536035
912,0.533887
914,0.531738
914,0.534961
911,0.536035
913,0.530664
911,0.534961
914,0.530664
911,0.533887
909,0.531738
914,0.536035
910,0.531738
909,0.534961
910,0.536035
910,0.536035
908,0.532813
909,0.536035
908,0.531738
910,0.534961
908,0.533887
906,0.531738
907,0.536035
905,0.528516
907,0.532813
906,0.532813
905,0.531738
905,0.532813
905,0.537109
907,0.532813
904,0.533887
902,0.532813
907,0.534961
903,0.533887
901,0.533887
904,0.534961
903,0.532813
901,0.531738
902,0.537109
902,0.531738
903,0.532813
901,0.532813
899,0.533887
902,0.52959
899,0.533887
898,0.533887
901,0.530664
900,0.531738
898,0.532813
899,0.52959
899,0.531738
897,0.533887
897,0.532813
896,0.532813
900,0.533887
896,0.531738
894,0.533887
899,0.532813
895,0.533887
893,0.531738
896,0.531738
896,0.532813
893,0.532813
895,0.528516
895,0.532813
893,0.532813
893,0.531738
891,0.52959
895,0.532813
891,0.530664
891,0.532813
894,0.531738
891,0.532813
889,0.530664
891,0.531738
892,0.52959
889,0.532813
890,0.531738
890,0.531738
889,0.530664
