473,0.62627
470,0.629492
472,0.632715
472,0.633789
473,0.612305
476,0.631641
478,0.62627
477,0.628418
480,0.627344
479,0.628418
482,0.630566
485,0.629492
482,0.629492
487,0.635938
485,0.632715
489,0.630566
490,0.623047
490,0.629492
492,0.62627
493,0.628418
494,0.632715
497,0.627344
496,0.625195
497,0.631641
498,0.630566
499,0.633789
502,0.634863
501,0.638086
504,0.637012
503,0.633789
505,0.640234
508,0.638086
507,0.656348
507,0.632715
508,0.630566
511,0.631641
511,0.627344
511,0.628418
514,0.628418
512,0.634863
517,0.633789
517,0.623047
514,0.63916
519,0.631641
516,0.634863
518,0.632715
519,0.638086
519,0.634863
520,0.634863
520,0.637012
523,0.635938
520,0.638086
524,0.63916
523,0.641309
522,0.64668
527,0.64668
524,0.637012
524,0.641309
526,0.64668
526,0.643457
528,0.641309
526,0.645605
529,0.643457
526,0.644531
530,0.642383
532,0.643457
530,0.640234
533,0.644531
530,0.643457
535,0.64668
535,0.644531
534,0.645605
535,0.647754
532,0.645605
537,0.64668
535,0.649902
536,0.64668
535,0.64668
537,0.64668
539,0.681055
536,0.644531
540,0.647754
538,0.64668
542,0.648828
539,0.650977
542,0.653125
544,0.654199
542,0.657422
545,0.655273
543,0.657422
546,0.658496
543,0.652051
546,0.655273
547,0.654199
548,0.653125
548,0.654199
546,0.653125
552,0.655273
550,0.653125
551,0.656348
550,0.652051
553,0.662793
555,0.650977
553,0.658496
554,0.65957
552,0.65957
559,0.65957
556,0.661719
558,0.660645
557,0.673535
559,0.666016
562,0.661719
560,0.674609
562,0.66709
558,0.666016
566,0.669238
562,0.666016
564,0.674609
563,0.669238
566,0.674609
567,0.675684
567,0.677832
567,0.668164
568,0.673535
570,0.671387
570,0.673535
573,0.951758
570,0.675684
573,0.676758
572,0.672461
574,0.677832
575,0.678906
576,0.678906
578,0.678906
577,0.677832
578,0.675684
577,0.681055
582,0.683203
579,0.682129
583,0.686426
580,0.684277
585,0.688574
583,0.688574
583,0.6875
584,0.688574
585,0.689648
589,0.671387
587,0.692871
589,0.690723
589,0.703613
590,0.69502
588,0.697168
591,0.700391
590,0.699316
594,0.697168
591,0.705762
594,0.700391
592,0.699316
596,0.706836
594,0.702539
597,0.701465
596,0.70791
597,0.705762
599,0.704688
596,0.633789
599,0.706836
602,0.708984
602,0.708984
600,0.711133
600,0.710059
602,0.712207
604,0.711133
603,0.712207
605,0.716504
605,0.790625
609,0.71543
606,0.718652
610,0.720801
606,0.716504
611,0.717578
607,0.721875
612,0.722949
613,0.721875
610,0.724023
613,0.721875
611,0.725098
614,0.726172
614,0.726172
615,0.734766
613,0.727246
618,0.72832
616,0.726172
617,0.726172
616,0.729395
622,0.779883
619,0.731543
618,0.734766
618,0.733691
619,0.734766
618,0.739063
619,0.736914
621,0.736914
621,0.736914
621,0.736914
622,0.739063
620,0.732617
623,0.741211
626,0.742285
622,0.741211
623,0.743359
627,0.744434
626,0.741211
624,0.745508
626,0.743359
628,0.746582
627,0.745508
628,0.747656
628,0.74873
629,0.74873
628,0.749805
630,0.754102
629,0.749805
631,0.751953
632,0.753027
634,0.751953
632,0.754102
634,0.757324
634,0.757324
636,0.747656
634,0.755176
636,0.758398
637,0.759473
638,0.761621
636,0.760547
639,0.76377
637,0.760547
640,0.761621
639,0.762695
643,0.76377
638,0.76377
641,0.764844
638,0.764844
644,0.764844
639,0.765918
643,0.769141
640,0.765918
646,0.766992
643,0.768066
644,0.771289
644,0.771289
648,0.770215
643,0.772363
645,0.772363
646,0.773438
648,0.783105
649,0.774512
646,0.775586
649,0.778809
649,0.778809
650,0.778809
652,0.778809
651,0.780957
653,0.777734
651,0.786328
654,0.780957
654,0.782031
655,0.783105
651,0.759473
655,0.757324
653,0.78418
657,0.786328
654,0.785254
660,0.788477
656,0.786328
658,0.786328
660,0.788477
661,0.57793
658,0.780957
659,0.790625
661,0.793848
662,0.789551
663,0.792773
661,0.791699
664,0.793848
661,0.765918
664,0.795996
660,0.795996
666,0.793848
664,0.795996
667,0.808887
664,0.795996
668,0.793848
664,0.798145
665,0.661719
668,0.798145
667,0.79707
667,0.799219
667,0.785254
671,0.799219
668,0.799219
670,0.801367
667,0.929199
673,0.802441
669,0.801367
671,0.80459
669,1.07422
673,0.805664
671,0.805664
672,0.806738
674,0.818555
676,0.806738
675,0.806738
673,0.808887
678,0.808887
675,0.808887
680,0.811035
677,0.811035
682,0.759473
678,0.811035
678,0.811035
679,0.769141
681,0.811035
683,0.808887
683,0.813184
686,0.814258
684,0.813184
685,0.814258
682,0.816406
688,0.669238
685,0.813184
687,0.816406
688,0.816406
688,0.816406
691,0.818555
692,0.81748
687,0.818555
691,0.819629
690,0.989355
693,0.819629
691,0.820703
691,0.820703
695,0.773438
694,0.820703
694,0.822852
691,0.722949
698,0.822852
696,0.822852
698,0.670313
699,0.813184
699,0.825
699,0.826074
697,0.754102
703,0.826074
700,0.827148
703,0.823926
703,0.823926
704,0.828223
703,0.74873
704,0.826074
707,0.829297
705,0.829297
707,0.828223
706,0.830371
712,0.830371
711,0.86582
708,0.829297
713,0.833594
710,0.812109
711,0.831445
710,0.827148
714,0.81748
713,0.83252
713,0.833594
717,0.834668
716,0.834668
718,0.835742
715,0.822852
720,0.834668
717,0.835742
716,0.834668
720,0.835742
719,0.837891
721,0.836816
720,0.840039
727,0.837891
721,0.836816
724,0.841113
727,0.808887
726,0.841113
728,0.828223
729,0.841113
729,0.841113
732,0.843262
730,0.816406
735,0.843262
731,0.844336
736,0.842188
733,0.84541
737,0.843262
737,0.843262
735,0.84541
742,0.826074
739,0.846484
741,0.84541
744,0.84541
741,0.846484
746,0.855078
745,0.846484
746,0.847559
748,0.847559
746,0.848633
751,0.841113
750,0.848633
750,0.849707
754,0.849707
754,0.85293
756,0.847559
757,0.851855
758,0.851855
761,0.851855
756,0.851855
768,0.851855
761,0.854004
763,0.857227
768,0.850781
764,0.857227
771,0.854004
769,0.854004
773,0.856152
773,0.856152
776,0.856152
775,0.858301
778,0.856152
778,0.859375
783,0.860449
783,0.860449
783,0.856152
789,0.847559
788,0.858301
789,0.855078
795,0.860449
795,0.854004
797,0.861523
797,0.855078
799,0.862598
802,0.816406
802,0.864746
806,0.874414
807,0.869043
810,0.871191
812,0.870117
815,0.871191
815,0.872266
821,0.871191
823,0.910938
820,0.874414
827,0.910938
828,0.879785
829,0.877637
835,0.879785
836,0.878711
833,0.884082
840,0.879785
843,0.862598
840,0.883008
847,0.885156
848,0.88623
850,0.884082
853,0.888379
853,0.888379
855,0.888379
853,0.890527
859,0.889453
858,0.895898
861,0.89375
863,0.89375
864,0.895898
866,0.894824
871,0.89375
870,0.896973
875,0.892676
876,0.899121
880,0.900195
878,0.898047
878,0.90127
884,0.816406
881,0.902344
881,0.904492
888,0.905566
886,0.878711
882,0.903418
890,0.905566
889,0.91416
889,0.908789
891,0.907715
893,0.908789
892,0.912012
891,0.910938
897,0.930273
899,0.915234
899,0.915234
900,0.910938
906,0.915234
905,0.916309
904,0.912012
907,0.915234
912,0.917383
909,0.917383
911,0.916309
914,0.916309
918,0.919531
916,0.918457
918,0.919531
922,0.924902
921,0.92168
925,0.92168
929,0.923828
929,0.925977
934,0.84541
931,0.925977
933,0.928125
936,0.927051
936,0.928125
938,0.927051
938,0.928125
939,0.929199
945,0.925977
945,0.929199
942,0.932422
946,0.891602
949,0.876563
948,0.932422
953,0.93457
957,0.936719
956,0.938867
961,0.937793
961,0.930273
968,0.938867
967,0.936719
966,0.925977
970,0.94209
974,0.943164
976,0.941016
977,0.94209
977,0.944238
979,0.945313
982,0.947461
988,0.948535
985,0.948535
984,0.948535
991,0.949609
991,0.949609
993,0.949609
992,0.950684
993,0.952832
1001,0.951758
1000,0.951758
1003,0.952832
1002,0.95498
1005,0.957129
1011,0.956055
1009,0.959277
1014,0.9625
1018,0.959277
1017,0.960352
1020,0.958203
1017,0.959277
1022,0.959277
1020,0.961426
1026,0.963574
1027,0.964648
1028,0.975391
1030,0.967871
1033,0.966797
1034,0.967871
1036,0.966797
1037,0.968945
1042,0.971094
1041,0.971094
1048,0.971094
1046,0.972168
1050,0.971094
1054,0.972168
1057,0.972168
1061,0.972168
1060,0.974316
1060,0.976465
1066,0.975391
1063,0.977539
1067,0.976465
1068,0.975391
1072,0.978613
1073,0.978613
1073,0.980762
1078,0.98291
1082,0.983984
1086,0.986133
1082,0.987207
1088,0.986133
1085,0.985059
1084,0.981836
1081,1.01943
1088,0.986133
1093,0.983984
1092,0.989355
1098,0.988281
1095,0.99043
1102,0.986133
1102,0.993652
1106,0.992578
1108,0.993652
1112,0.993652
1112,0.994727
1113,0.994727
1118,0.996875
1118,0.997949
1120,1.00117
1125,0.999023
1124,0.999023
1124,1.00117
1131,1.00117
1130,0.999023
1130,0.997949
1132,0.996875
1131,1.00117
1137,1.00439
1134,0.966797
1136,1.00654
1137,1.00977
1139,1.00547
1139,1.00117
1139,0.999023
1136,0.996875
1139,0.995801
1139,0.997949
1141,1.00117
1145,1.00439
1149,1.00439
1147,1.00332
1152,1.00439
1152,1.00332
1146,1.00762
1154,1.01191
1148,1.00547
1149,1.00117
1148,1.00117
1147,0.996875
1146,0.991504
1147,0.985059
1148,0.983984
1145,0.978613
1146,0.973242
1144,0.963574
1146,0.968945
1145,0.966797
1146,0.964648
1143,0.961426
1144,0.958203
1143,0.956055
1143,0.952832
1143,0.950684
1138,0.948535
1141,0.945313
1139,0.943164
1140,0.94209
1138,0.939941
1140,0.936719
1137,0.932422
1139,0.927051
1137,0.927051
1135,0.925977
1137,0.923828
1134,0.92168
1134,0.92168
1135,0.918457
1134,0.917383
1133,0.91416
1135,0.913086
1131,0.907715
1133,0.907715
1134,0.906641
1130,0.905566
1130,0.903418
1130,0.896973
1128,0.895898
1127,0.895898
1128,0.894824
1127,0.891602
1127,0.887305
1127,0.887305
1128,0.887305
1125,0.885156
1125,0.881934
1123,0.880859
1124,0.880859
1120,0.875488
1124,0.875488
1122,0.875488
1124,0.87334
1121,0.874414
1121,0.871191
1120,0.871191
1119,0.869043
1121,0.86582
1117,0.869043
1119,0.86582
1119,0.862598
1119,0.860449
1118,0.861523
1116,0.859375
1116,0.858301
1113,0.855078
1120,0.855078
1115,0.855078
1116,0.851855
1113,0.851855
1114,0.847559
1114,0.848633
1113,0.846484
1115,0.846484
1109,0.84541
1111,0.843262
1110,0.841113
1111,0.843262
1109,0.840039
1111,0.837891
1108,0.836816
1109,0.835742
1109,0.834668
1107,0.833594
1108,0.831445
1104,0.830371
1106,0.829297
1106,0.829297
1106,0.823926
1105,0.826074
1104,0.822852
1103,0.823926
1101,0.821777
1105,0.820703
1099,0.820703
1104,0.81748
1100,0.81748
1103,0.815332
1099,0.815332
1101,0.815332
1099,0.811035
1098,0.811035
1099,0.811035
1098,0.807813
1098,0.807813
1099,0.806738
1098,0.803516
1097,0.805664
1095,0.80459
1095,0.801367
1095,0.802441
1094,0.801367
1093,0.799219
1096,0.798145
1095,0.799219
1093,0.79707
1091,0.793848
1092,0.794922
1092,0.793848
1089,0.792773
1091,0.791699
1091,0.790625
1091,0.789551
1089,0.787402
1087,0.787402
1089,0.786328
1086,0.78418
1090,0.78418
1085,0.782031
1090,0.780957
1086,0.780957
1087,0.779883
1085,0.778809
1085,0.777734
1084,0.777734
1083,0.77666
1085,0.77666
1084,0.774512
1082,0.773438
1083,0.774512
1081,0.773438
1082,0.772363
1081,0.771289
1081,0.770215
1082,0.769141
1080,0.766992
1079,0.768066
1077,0.766992
1079,0.766992
1076,0.758398
1079,0.764844
1077,0.76377
1077,0.762695
1078,0.760547
1073,0.758398
1077,0.760547
1072,0.758398
1076,0.759473
1074,0.758398
1075,0.758398
1073,0.757324
1072,0.75625
1074,0.755176
1071,0.754102
1073,0.754102
1071,0.753027
1072,0.751953
1070,0.751953
1068,0.750879
1070,0.749805
1067,0.751953
1070,0.747656
1070,0.747656
1068,0.745508
1068,0.745508
1065,0.744434
1067,0.743359
1065,0.743359
1067,0.742285
1067,0.741211
1066,0.741211
1064,0.741211
1063,0.740137
1064,0.740137
1062,0.739063
1064,0.73584
1063,0.73584
1062,0.736914
1060,0.736914
1060,0.727246
1061,0.740137
1059,0.73584
1061,0.733691
1061,0.733691
1059,0.732617
1057,0.732617
1057,0.730469
1058,0.730469
1056,0.730469
1059,0.730469
1057,0.730469
1055,0.729395
1056,0.72832
1053,0.726172
1056,0.726172
1054,0.726172
1055,0.725098
1054,0.724023
1050,0.726172
1054,0.722949
1051,0.720801
1052,0.721875
1053,0.719727
1050,0.719727
1050,0.720801
1049,0.718652
1050,0.719727
1048,0.720801
1051,0.717578
1049,0.717578
1047,0.718652
1049,0.717578
1044,0.71543
1049,0.713281
1047,0.71543
1046,0.71543
1046,0.714355
1044,0.713281
1045,0.713281
1044,0.712207
1045,0.733691
1043,0.711133
1043,0.710059
1043,0.710059
1039,0.712207
1044,0.712207
1041,0.708984
1042,0.70791
1041,0.70791
1039,0.70791
1040,0.705762
1039,0.706836
1041,0.70791
1038,0.704688
1037,0.703613
1039,0.704688
1034,0.705762
1039,0.703613
1037,0.703613
1037,0.703613
1035,0.702539
1035,0.701465
1034,0.701465
1034,0.702539
1036,0.702539
1034,0.701465
1032,0.700391
1033,0.699316
1031,0.699316
1033,0.69502
1032,0.698242
1032,0.69502
1030,0.698242
1029,0.696094
1031,0.69502
1030,0.696094
1029,0.69502
1029,0.693945
1027,0.692871
1028,0.692871
1027,0.692871
1029,0.693945
1027,0.692871
1027,0.692871
1026,0.690723
1025,0.691797
1027,0.691797
1025,0.690723
1024,0.690723
1023,0.690723
1021,0.690723
1025,0.685352
1024,0.688574
1023,0.6875
1021,0.6875
1020,0.688574
1022,0.6875
1020,0.684277
1021,0.685352
1020,0.684277
1019,0.684277
1018,0.684277
1018,0.682129
1021,0.684277
1017,0.683203
1017,0.683203
1017,0.682129
1016,0.682129
1018,0.675684
1015,0.683203
1015,0.682129
1016,0.681055
1012,0.681055
1016,0.67998
1014,0.681055
1015,0.677832
1013,0.673535
1010,0.677832
1014,0.678906
1013,0.678906
1011,0.677832
1010,0.677832
1009,0.676758
1012,0.676758
1010,0.674609
1010,0.675684
1008,0.675684
1007,0.675684
1010,0.674609
1007,0.675684
1009,0.670313
1006,0.673535
1006,0.674609
1007,0.671387
1005,0.673535
1008,0.674609
1004,0.672461
1004,0.672461
1005,0.671387
1003,0.673535
1005,0.671387
1003,0.670313
1002,0.672461
1002,0.671387
1001,0.670313
1003,0.670313
1002,0.669238
1000,0.670313
1000,0.669238
1000,0.668164
1001,0.668164
999,0.670313
998,0.668164
998,0.668164
997,0.66709
999,0.66709
997,0.666016
997,0.66709
997,0.666016
996,0.666016
997,0.666016
995,0.664941
994,0.664941
995,0.663867
994,0.662793
996,0.664941
992,0.663867
992,0.664941
994,0.663867
992,0.664941
992,0.662793
991,0.663867
990,0.662793
992,0.662793
991,0.662793
990,0.662793
988,0.662793
987,0.663867
991,0.660645
989,0.657422
988,0.661719
987,0.65957
985,0.660645
988,0.660645
987,0.660645
986,0.658496
987,0.65957
983,0.658496
985,0.657422
982,0.658496
987,0.65957
982,0.658496
985,0.660645
984,0.658496
980,0.657422
981,0.65957
981,0.657422
983,0.658496
980,0.65957
980,0.657422
980,0.657422
980,0.657422
980,0.656348
977,0.657422
977,0.656348
979,0.656348
979,0.656348
977,0.654199
977,0.656348
974,0.656348
978,0.656348
976,0.656348
974,0.654199
975,0.656348
974,0.655273
976,0.655273
974,0.654199
971,0.655273
973,0.654199
972,0.654199
975,0.652051
971,0.655273
970,0.654199
973,0.654199
971,0.654199
970,0.653125
970,0.654199
968,0.653125
971,0.654199
969,0.654199
967,0.657422
968,0.654199
968,0.652051
969,0.653125
968,0.652051
965,0.652051
966,0.654199
967,0.650977
966,0.650977
964,0.650977
963,0.652051
966,0.652051
964,0.650977
963,0.650977
964,0.652051
961,0.650977
965,0.649902
962,0.649902
960,0.652051
961,0.648828
961,0.650977
961,0.650977
960,0.652051
958,0.650977
961,0.649902
961,0.650977
958,0.648828
959,0.648828
956,0.648828
960,0.650977
957,0.648828
956,0.647754
956,0.648828
956,0.650977
954,0.64668
953,0.648828
957,0.64668
954,0.648828
953,0.64668
954,0.648828
952,0.645605
955,0.648828
951,0.647754
951,0.648828
952,0.648828
952,0.647754
951,0.647754
951,0.64668
949,0.64668
952,0.64668
949,0.648828
948,0.641309
949,0.647754
948,0.647754
949,0.64668
947,0.647754
945,0.64668
949,0.64668
947,0.647754
944,0.645605
946,0.64668
945,0.645605
947,0.645605
945,0.647754
943,0.645605
945,0.64668
944,0.647754
943,0.647754
942,0.64668
942,0.647754
945,0.64668
941,0.648828
939,0.647754
943,0.64668
943,0.645605
939,0.647754
940,0.64668
939,0.64668
941,0.645605
938,0.64668
937,0.643457
939,0.645605
939,0.645605
936,0.644531
937,0.644531
936,0.647754
938,0.649902
935,0.645605
934,0.644531
937,0.645605
936,0.645605
933,0.645605
934,0.644531
933,0.645605
935,0.645605
932,0.64668
931,0.645605
934,0.64668
933,0.645605
930,0.645605
932,0.64668
930,0.64668
933,0.645605
929,0.647754
928,0.644531
931,0.645605
930,0.64668
927,0.64668
928,0.64668
929,0.645605
926,0.644531
925,0.642383
929,0.64668
926,0.643457
925,0.644531
925,0.644531
927,0.671387
925,0.645605
924,0.644531
922,0.645605
928,0.644531
922,0.644531
921,0.647754
924,0.644531
923,0.645605
921,0.64668
921,0.64668
922,0.645605
922,0.64668
920,0.645605
919,0.645605
922,0.644531
919,0.643457
918,0.644531
919,0.644531
918,0.644531
919,0.643457
918,0.641309
915,0.644531
919,0.643457
916,0.643457
914,0.643457
917,0.643457
917,0.643457
913,0.644531
915,0.644531
915,0.645605
915,0.64668
913,0.643457
912,0.644531
915,0.644531
912,0.644531
910,0.642383
913,0.644531
913,0.64668
910,0.641309
911,0.645605
910,0.644531
912,0.643457
910,0.643457
907,0.64668
912,0.643457
908,0.641309
906,0.642383
909,0.640234
908,0.640234
906,0.643457
907,0.641309
907,0.640234
908,0.63916
905,0.643457
904,0.642383
908,0.642383
903,0.63916
903,0.643457
905,0.642383
904,0.642383
903,0.642383
903,0.643457
904,0.640234
903,0.642383
902,0.642383
900,0.642383
903,0.642383
900,0.643457
899,0.641309
900,0.642383
898,0.642383
900,0.642383
899,0.641309
898,0.640234
897,0.642383
898,0.642383
899,0.643457
897,0.641309
895,0.641309
899,0.641309
895,0.642383
894,0.641309
896,0.641309
897,0.641309
894,0.642383
894,0.642383
895,0.644531
893,0.642383
892,0.641309
893,0.643457
894,0.641309
892,0.637012
890,0.642383
894,0.641309
890,0.625195
889,0.640234
891,0.641309
891,0.641309
889,0.640234
890,0.640234
890,0.643457
888,0.63916
888,0.640234
888,0.641309
890,0.641309
887,0.642383
886,0.642383
888,0.642383
885,0.642383
884,0.641309
888,0.641309
887,0.641309
883,0.640234
885,0.641309
885,0.642383
882,0.641309
884,0.640234
885,0.641309
883,0.641309
881,0.640234
881,0.641309
884,0.641309
881,0.640234
879,0.640234
883,0.641309
879,0.640234
878,0.640234
882,0.63916
880,0.640234
877,0.63916
879,0.653125
879,0.641309
876,0.63916
879,0.640234
877,0.642383
877,0.640234
875,0.641309
876,0.642383
878,0.644531
875,0.642383
873,0.641309
879,0.642383
873,0.63916
873,0.640234
877,0.641309
872,0.641309
871,0.63916
875,0.642383
873,0.640234
871,0.638086
872,0.637012
871,0.640234
870,0.63916
872,0.638086
870,0.63916
869,0.63916
870,0.640234
871,0.640234
869,0.63916
868,0.640234
867,0.63916
870,0.638086
868,0.63916
866,0.63916
869,0.640234
865,0.640234
865,0.63916
870,0.638086
864,0.63916
863,0.640234
867,0.63916
865,0.63916
863,0.641309
865,0.638086
864,0.640234
862,0.63916
863,0.640234
863,0.640234
861,0.640234
862,0.641309
862,0.638086
860,0.642383
861,0.63916
861,0.638086
861,0.638086
858,0.638086
860,0.641309
862,0.638086
857,0.640234
857,0.638086
860,0.640234
857,0.638086
856,0.63916
859,0.640234
856,0.640234
855,0.637012
860,0.640234
854,0.63916
854,0.638086
858,0.637012
854,0.63916
852,0.637012
856,0.63916
855,0.571484
850,0.637012
854,0.637012
854,0.63916
851,0.638086
852,0.638086
853,0.637012
851,0.63916
851,0.637012
851,0.638086
850,0.637012
851,0.637012
849,0.637012
850,0.638086
849,0.637012
849,0.638086
848,0.638086
849,0.638086
849,0.637012
846,0.637012
847,0.638086
848,0.638086
846,0.635938
845,0.63916
846,0.637012
847,0.635938
843,0.633789
844,0.635938
847,0.635938
842,0.634863
843,0.634863
846,0.637012
842,0.634863
841,0.635938
846,0.635938
841,0.635938
839,0.634863
844,0.635938
840,0.637012
839,0.635938
842,0.634863
840,0.635938
838,0.634863
842,0.634863
839,0.637012
837,0.635938
840,0.638086
838,0.638086
836,0.635938
839,0.635938
837,0.629492
835,0.637012
838,0.634863
836,0.633789
834,0.634863
837,0.635938
834,0.633789
833,0.633789
836,0.634863
833,0.632715
833,0.633789
835,0.634863
833,0.621973
831,0.631641
834,0.629492
832,0.635938
830,0.633789
833,0.633789
830,0.634863
829,0.637012
833,0.633789
830,0.634863
828,0.635938
831,0.634863
828,0.630566
828,0.637012
829,0.634863
828,0.631641
827,0.635938
829,0.634863
827,0.631641
826,0.634863
828,0.633789
827,0.632715
824,0.632715
828,0.634863
825,0.634863
823,0.630566
827,0.630566
822,0.632715
823,0.632715
825,0.677832
822,0.631641
822,0.632715
