400,0.544629
398,0.531738
401,0.55752
403,0.533887
400,0.538184
405,0.532813
407,0.552148
405,0.532813
406,0.520996
408,0.534961
408,0.540332
410,0.539258
413,0.52959
412,0.539258
412,0.541406
414,0.566113
413,0.539258
417,0.530664
418,0.532813
417,0.545703
419,0.538184
419,0.540332
421,0.534961
422,0.528516
424,0.543555
423,0.537109
424,0.532813
425,0.52959
425,0.534961
428,0.541406
430,0.534961
432,0.537109
432,0.533887
429,0.539258
435,0.960352
435,0.528516
433,0.543555
438,0.539258
436,0.538184
437,0.555371
441,0.536035
438,0.532813
443,0.526367
443,0.530664
441,0.536035
445,0.548926
445,0.533887
445,0.524219
446,0.530664
448,0.525293
447,0.532813
451,0.543555
450,0.533887
451,0.523145
454,0.520996
450,0.528516
456,0.533887
455,0.536035
456,0.541406
457,0.532813
459,0.524219
457,0.530664
463,0.536035
462,0.527441
461,0.52959
465,0.538184
464,0.543555
467,0.523145
468,0.531738
468,0.528516
470,0.52959
471,0.527441
472,0.520996
476,0.559668
474,0.532813
478,0.536035
477,0.513477
476,0.514551
482,0.527441
480,0.52959
483,0.525293
484,0.524219
484,0.534961
486,0.533887
490,0.536035
487,0.541406
491,0.534961
490,0.548926
493,0.528516
497,0.528516
493,0.524219
498,0.530664
496,0.524219
499,0.52959
502,0.526367
499,0.52959
504,0.527441
502,0.52959
505,0.538184
509,0.571484
505,0.531738
509,0.537109
507,0.544629
511,0.537109
513,0.533887
512,0.540332
513,0.541406
517,0.596191
516,0.531738
519,0.533887
518,0.528516
518,0.533887
523,0.52959
520,0.527441
523,0.527441
524,0.52959
523,0.530664
528,0.534961
526,0.532813
527,0.533887
526,0.539258
530,0.539258
531,0.541406
530,0.540332
535,0.539258
531,0.541406
535,0.544629
536,0.541406
536,0.544629
537,0.54248
535,0.544629
543,0.537109
539,0.538184
540,0.536035
541,0.539258
544,0.534961
546,0.538184
543,0.536035
548,0.534961
547,0.541406
551,0.450098
548,0.551074
552,0.54248
553,0.545703
552,0.55752
556,0.541406
552,0.543555
558,0.545703
556,0.547852
560,0.54248
558,0.540332
560,0.545703
561,0.543555
564,0.545703
565,0.547852
564,0.524219
565,0.54248
566,0.544629
571,0.548926
567,0.572559
569,0.548926
569,0.545703
572,0.552148
574,0.54248
575,0.57041
576,0.547852
574,0.55
579,0.551074
577,0.547852
581,0.551074
580,0.548926
585,0.548926
582,0.553223
583,0.548926
584,0.553223
586,0.555371
588,0.552148
591,0.555371
589,0.555371
591,0.556445
593,0.555371
593,0.536035
593,0.555371
599,0.562891
595,0.55752
600,0.559668
598,0.559668
603,0.560742
600,0.615527
604,0.562891
601,0.57041
606,0.566113
605,0.568262
607,0.568262
605,0.568262
609,0.568262
610,0.57041
609,0.574707
609,0.623047
612,0.57041
613,0.574707
612,0.572559
614,0.560742
617,0.576855
616,0.575781
617,0.576855
618,0.575781
617,0.576855
620,0.576855
623,0.579004
620,0.581152
622,0.586523
623,0.582227
623,0.582227
623,0.582227
624,0.57793
624,0.580078
624,0.585449
626,0.581152
627,0.583301
630,0.583301
628,0.585449
630,0.600488
631,0.59082
631,0.589746
631,0.586523
631,0.589746
632,0.601563
633,0.601563
634,0.587598
633,0.59082
637,0.588672
637,0.584375
638,0.592969
637,0.594043
643,0.589746
641,0.591895
643,0.596191
640,0.595117
644,0.595117
642,0.600488
645,0.597266
643,0.597266
647,0.601563
646,0.599414
648,0.601563
645,0.601563
653,0.554297
647,0.610156
651,0.600488
648,0.600488
655,0.620898
650,0.603711
653,0.625195
652,0.606934
657,0.605859
654,0.608008
654,0.610156
655,0.609082
657,0.59834
657,0.609082
658,0.608008
659,0.609082
661,0.610156
660,0.610156
662,0.608008
660,0.61123
664,0.610156
661,0.610156
667,0.61123
663,0.609082
667,0.610156
665,0.610156
668,0.61123
666,0.612305
667,0.612305
670,0.61123
668,0.613379
671,0.653125
668,0.615527
674,0.61123
668,0.61123
671,0.609082
670,0.612305
677,0.61123
673,0.610156
677,0.641309
674,0.613379
677,0.61123
675,0.613379
675,0.617676
678,0.604785
679,0.616602
679,0.616602
675,0.61875
682,0.617676
677,0.61875
681,0.616602
682,0.616602
682,0.604785
680,0.617676
682,0.619824
682,0.617676
684,0.619824
684,0.619824
681,0.620898
686,0.610156
683,0.61875
686,0.61875
686,0.620898
688,1.06348
687,0.619824
688,0.621973
689,0.625195
689,0.623047
690,0.620898
687,0.624121
692,0.70791
690,0.621973
691,0.621973
691,0.620898
693,0.621973
693,0.619824
693,0.620898
697,0.795996
693,0.619824
695,0.625195
694,0.625195
699,0.621973
694,0.620898
696,0.621973
699,0.580078
699,0.620898
700,0.620898
697,0.517773
703,0.619824
701,0.619824
702,0.623047
701,0.621973
702,0.624121
705,0.627344
700,0.338379
706,0.620898
702,0.623047
706,0.437207
704,0.617676
706,0.619824
707,0.523145
708,0.615527
710,0.615527
709,0.617676
711,0.616602
710,0.616602
711,0.620898
713,0.54248
710,0.617676
715,0.613379
711,0.487695
716,0.620898
714,0.617676
717,0.579004
715,0.615527
718,0.614453
720,0.613379
718,0.614453
722,0.613379
721,0.609082
723,0.61123
722,0.609082
724,0.579004
726,0.610156
724,0.608008
728,0.614453
725,0.606934
728,0.603711
730,0.604785
728,0.718652
733,0.634863
731,0.602637
730,0.602637
733,0.643457
733,0.601563
735,0.601563
732,0.603711
739,0.602637
735,0.59834
737,0.597266
744,0.599414
736,0.596191
742,0.597266
741,0.608008
741,0.594043
744,0.586523
741,0.59082
748,0.625195
745,0.594043
744,0.589746
749,0.594043
748,0.59082
750,0.630566
750,0.589746
750,0.592969
753,0.684277
751,0.587598
756,0.587598
756,0.587598
753,0.587598
759,0.587598
756,0.605859
759,0.586523
760,0.584375
760,0.585449
758,0.59834
767,0.579004
761,0.582227
765,0.584375
767,0.583301
765,0.582227
767,0.581152
768,0.580078
769,0.582227
772,0.57793
771,0.582227
774,0.579004
775,0.580078
772,0.580078
780,0.579004
773,0.580078
777,0.580078
781,0.580078
779,0.614453
781,0.95498
784,0.574707
783,0.579004
785,0.601563
785,0.576855
789,0.575781
790,0.50918
790,0.573633
792,0.569336
794,0.574707
793,0.591895
798,0.574707
797,0.576855
798,0.61123
804,0.580078
801,0.514551
804,0.581152
808,0.580078
808,0.582227
809,0.580078
817,0.572559
813,0.609082
814,0.586523
823,0.595117
822,0.588672
822,0.59082
829,0.589746
826,0.592969
831,0.589746
836,0.594043
833,0.595117
837,0.596191
842,0.596191
841,0.595117
845,0.612305
849,0.59834
850,0.601563
850,0.603711
856,0.599414
859,0.585449
859,0.605859
865,0.603711
864,0.603711
866,0.307227
872,0.608008
873,0.606934
873,0.510254
882,0.600488
884,0.629492
882,0.387793
889,0.617676
890,0.61875
891,0.652051
894,0.631641
898,0.621973
903,0.623047
903,0.624121
911,0.628418
911,0.629492
912,0.629492
921,0.637012
921,0.633789
924,0.642383
927,0.641309
928,0.64668
935,1.09893
933,0.689648
936,0.653125
946,0.657422
943,0.663867
946,0.668164
949,0.71543
954,0.674609
960,0.676758
958,0.67998
959,0.653125
966,0.6875
968,0.653125
974,0.700391
975,0.73584
975,0.701465
984,0.706836
984,0.710059
986,0.77666
990,0.714355
998,0.561816
1000,0.721875
1000,0.720801
1004,0.851855
1009,0.729395
1009,0.732617
1015,0.732617
1014,0.737988
1017,0.741211
1021,0.643457
1025,0.755176
1031,0.751953
1030,0.754102
1034,0.632715
1036,0.760547
1044,0.764844
1044,0.770215
1051,0.771289
1049,0.775586
1053,0.77666
1054,0.782031
1061,0.786328
1065,0.788477
1067,0.790625
1066,0.79707
1073,0.793848
1070,0.803516
1077,0.753027
1076,0.662793
1083,0.773438
1088,0.814258
1087,0.813184
1093,0.800293
1091,0.818555
1099,0.821777
1098,0.956055
1106,1.09893
1106,0.827148
1111,0.84541
1111,0.829297
1117,0.803516
1117,0.838965
1121,0.83252
1123,0.813184
1123,0.843262
1133,0.843262
1132,0.844336
1136,0.849707
1138,0.849707
1145,0.861523
1149,0.861523
1146,0.856152
1150,0.851855
1152,0.860449
1158,0.829297
1159,0.866895
1165,0.948535
1167,0.905566
1169,0.871191
1168,0.875488
1176,0.877637
1175,0.878711
1177,0.935645
1180,0.88623
1183,0.846484
1192,0.894824
1193,0.895898
1192,0.90127
1193,0.91416
1198,0.913086
1202,0.916309
1200,0.917383
1201,0.924902
1206,0.928125
1205,0.925977
1209,0.828223
1211,0.937793
1219,0.935645
1216,0.93457
1218,0.94209
1219,0.943164
1223,0.936719
1221,1.08496
1230,0.946387
1226,0.949609
1235,0.948535
1231,0.951758
1236,0.94209
1238,0.949609
1239,0.950684
1244,0.953906
1250,1.05381
1250,0.958203
1249,0.956055
1253,1.07314
1250,0.958203
1260,0.960352
1257,0.957129
1258,0.976465
1262,0.964648
1262,0.960352
1260,0.967871
1272,0.964648
1265,0.963574
1272,0.968945
1271,0.965723
1274,0.968945
1274,0.967871
1277,0.959277
1277,0.967871
1280,0.967871
1280,0.963574
1284,0.961426
1283,0.961426
1288,0.965723
1288,0.957129
1294,0.941016
1289,0.953906
1297,0.957129
1290,0.941016
1295,0.961426
1294,0.957129
1302,0.947461
1297,0.902344
1296,0.881934
1298,0.919531
1295,0.856152
1296,1.09893
1293,0.780957
1300,0.830371
1291,0.825
1294,0.855078
1290,0.814258
1292,0.801367
1291,0.821777
1293,0.782031
1290,0.774512
1295,0.764844
1288,0.758398
1289,0.760547
1289,0.76377
1288,0.755176
1287,0.744434
1288,0.750879
1287,0.74873
1290,0.743359
1286,0.746582
1286,0.740137
1284,0.73584
1286,0.751953
1283,0.722949
1286,0.722949
1283,0.726172
1285,0.724023
1282,0.71543
1282,0.718652
1282,0.708984
1283,0.705762
1281,0.691797
1280,0.696094
1283,0.69502
1278,0.689648
1280,0.685352
1278,0.682129
1279,0.689648
1276,0.689648
1277,0.699316
1277,0.691797
1274,0.67998
1277,0.672461
1275,0.66709
1276,0.657422
1272,0.649902
1276,0.67998
1274,0.647754
1275,0.63916
1271,0.601563
1275,0.633789
1272,0.62627
1273,0.62627
1268,0.621973
1272,0.617676
1267,0.61875
1271,0.617676
1267,0.614453
1267,0.610156
1263,0.669238
1266,0.603711
1263,0.604785
1265,0.604785
1262,0.602637
1263,0.597266
1261,0.599414
1263,0.597266
1260,0.592969
1263,0.592969
1259,0.59082
1262,0.587598
1259,0.588672
1260,0.588672
1256,0.583301
1261,0.587598
1257,0.586523
1257,0.585449
1256,0.585449
1256,0.583301
1255,0.582227
1255,0.582227
1252,0.580078
1254,0.579004
1252,0.576855
1253,0.573633
1252,0.574707
1253,0.574707
1254,0.573633
1251,0.573633
1249,0.574707
1251,0.574707
1247,0.572559
1251,0.571484
1247,0.57041
1247,0.568262
1247,0.567188
1247,0.567188
1245,0.569336
1245,0.568262
1247,0.567188
1245,0.566113
1243,0.563965
1244,0.565039
1243,0.565039
1243,0.563965
1243,0.562891
1243,0.587598
1241,0.566113
1241,0.562891
1242,0.565039
1242,0.559668
1239,0.565039
1240,0.559668
1240,0.558594
1239,0.55752
1238,0.558594
1235,0.555371
1240,0.55752
1234,0.55752
1239,0.554297
1237,0.556445
1236,0.554297
1235,0.553223
1234,0.555371
1233,0.553223
1234,0.553223
1232,0.554297
1234,0.551074
1232,0.553223
1233,0.552148
1230,0.551074
1231,0.551074
1229,0.402832
1232,0.551074
1228,0.547852
1230,0.55
1228,0.548926
1231,0.55
1228,0.55
1227,0.494141
1225,0.547852
1227,0.495215
1226,0.547852
1225,0.546777
1224,0.546777
1225,0.545703
1224,0.544629
1224,0.551074
1224,0.543555
1223,0.547852
1223,0.543555
1221,0.545703
1222,0.544629
1221,0.544629
1221,0.540332
1219,0.541406
1221,0.544629
1218,0.543555
1218,0.543555
1219,0.543555
1218,0.541406
1217,0.54248
1218,0.54248
1215,0.539258
1217,0.541406
1214,0.541406
1216,0.539258
1214,0.541406
1216,0.54248
1214,0.539258
1215,0.540332
1215,0.541406
1213,0.537109
1212,0.538184
1212,0.539258
1210,0.537109
1213,0.538184
1210,0.539258
1211,0.537109
1208,0.532813
1211,0.537109
1208,0.54248
1210,0.534961
1208,0.533887
1207,0.536035
1208,0.533887
1206,0.534961
1208,0.534961
1205,0.534961
1206,0.534961
1205,0.534961
1206,0.532813
1204,0.533887
1204,0.533887
1203,0.532813
1203,0.532813
1205,0.531738
1202,0.531738
1204,0.532813
1202,0.532813
1200,0.531738
1200,0.530664
1200,0.530664
1199,0.530664
1200,0.52959
1198,0.531738
1199,0.531738
1197,0.530664
1199,0.537109
1196,0.528516
1198,0.52959
1197,0.528516
1194,0.528516
1195,0.52959
1195,0.52959
1195,0.530664
1195,0.52959
1194,0.528516
1193,0.528516
1194,0.526367
1194,0.526367
1193,0.525293
1192,0.525293
1191,0.520996
1190,0.525293
1193,0.526367
1191,0.526367
1190,0.525293
1188,0.524219
1189,0.525293
1188,0.526367
1188,0.525293
1189,0.526367
1187,0.525293
1187,0.524219
1187,0.525293
1187,0.524219
1186,0.534961
1186,0.504883
1185,0.524219
1185,0.524219
1185,0.523145
1186,0.523145
1182,0.52207
1184,0.523145
1183,0.52207
1184,0.520996
1181,0.520996
1180,0.520996
1182,0.519922
1182,0.519922
1182,0.520996
1180,0.52207
1179,0.52207
1178,0.530664
1179,0.520996
1179,0.520996
1177,0.518848
1178,0.519922
1178,0.518848
1177,0.519922
1177,0.518848
1176,0.519922
1177,0.519922
1176,0.519922
1174,0.518848
1175,0.510254
1174,0.517773
1174,0.517773
1172,0.517773
1172,0.517773
1173,0.518848
1172,0.518848
1172,0.516699
1172,0.515625
1171,0.516699
1171,0.518848
1170,0.517773
1169,0.517773
1170,0.516699
1169,0.515625
1168,0.515625
1167,0.517773
1168,0.516699
1167,0.514551
1166,0.514551
1167,0.514551
1167,0.515625
1165,0.514551
1166,0.515625
1167,0.515625
1166,0.514551
1164,0.514551
1163,0.514551
1164,0.513477
1163,0.514551
1162,0.514551
1161,0.514551
1164,0.513477
1160,0.514551
1161,0.514551
1160,0.513477
1162,0.512402
1159,0.513477
1160,0.513477
1160,0.512402
1158,0.511328
1159,0.513477
1158,0.512402
1159,0.511328
1158,0.512402
1158,0.510254
1156,0.511328
1155,0.512402
1156,0.511328
1156,0.510254
1154,0.512402
1156,0.511328
1154,0.510254
1153,0.518848
1153,0.510254
1152,0.510254
1152,0.512402
1152,0.510254
1152,0.508105
1151,0.510254
1150,0.510254
1153,0.50918
1149,0.50918
1151,0.507031
1150,0.508105
1148,0.508105
1149,0.505957
1149,0.50918
1147,0.50918
1146,0.508105
1148,0.50918
1145,0.507031
1146,0.50918
1145,0.508105
1146,0.50918
1145,0.50918
1146,0.507031
1144,0.508105
1143,0.507031
1145,0.507031
1141,0.508105
1143,0.507031
1142,0.507031
1141,0.505957
1141,0.507031
1142,0.505957
1140,0.504883
1141,0.505957
1140,0.505957
1140,0.507031
1139,0.504883
1138,0.507031
1138,0.504883
1137,0.507031
1139,0.505957
1135,0.505957
1138,0.505957
1137,0.503809
1137,0.505957
1137,0.50166
1135,0.503809
1135,0.504883
1134,0.504883
1135,0.502734
1133,0.505957
1134,0.50166
1131,0.504883
1136,0.503809
1131,0.504883
1135,0.504883
1132,0.504883
1131,0.503809
1132,0.505957
1129,0.504883
1131,0.505957
1129,0.503809
1129,0.504883
1128,0.503809
1129,0.503809
1128,0.502734
1130,0.503809
1127,0.503809
1127,0.503809
1127,0.504883
1124,0.503809
1128,0.503809
1123,0.503809
1127,0.502734
1126,0.503809
1124,0.502734
1126,0.50166
1123,0.502734
1125,0.503809
1122,0.50166
1122,0.502734
1124,0.502734
1122,0.502734
1120,0.50166
1122,0.503809
1121,0.50166
1122,0.50166
1119,0.502734
1121,0.504883
1119,0.500586
1117,0.503809
1120,0.502734
1116,0.50166
1119,0.50166
1117,0.50166
1119,0.50166
1116,0.498438
1116,0.50166
1117,0.50166
1114,0.500586
1120,0.498438
1111,0.50166
1117,0.50166
1113,0.500586
1115,0.50166
1114,0.50166
1113,0.502734
1113,0.50166
1111,0.502734
1113,0.50166
1109,0.502734
1112,0.502734
1110,0.50166
1112,0.502734
1111,0.500586
1109,0.50166
1110,0.500586
1108,0.50166
1110,0.50166
1105,0.50166
1111,0.50166
1107,0.50166
1109,0.502734
1107,0.502734
1106,0.502734
1106,0.503809
1104,0.502734
1106,0.502734
1102,0.503809
1108,0.503809
1103,0.502734
1106,0.504883
1102,0.503809
1104,0.50166
1102,0.503809
1101,0.503809
1102,0.502734
1100,0.503809
1104,0.503809
1101,0.502734
1101,0.503809
1102,0.503809
1098,0.503809
1099,0.503809
1099,0.500586
1099,0.502734
1098,0.504883
1099,0.504883
1098,0.504883
1097,0.505957
1097,0.505957
1095,0.504883
1097,0.505957
1093,0.504883
1098,0.505957
1094,0.505957
1096,0.505957
1094,0.507031
1094,0.505957
1093,0.505957
1092,0.504883
1093,0.505957
1092,0.508105
1093,0.505957
1093,0.505957
1091,0.507031
1091,0.507031
1089,0.505957
1091,0.510254
1088,0.507031
1092,0.508105
1089,0.505957
1091,0.507031
1088,0.508105
1088,0.508105
1088,0.508105
1085,0.507031
1088,0.507031
1087,0.508105
1088,0.50918
1086,0.508105
1086,0.507031
1085,0.50918
1085,0.507031
1084,0.507031
1084,0.508105
1084,0.508105
1085,0.507031
1083,0.50918
1083,0.50918
1080,0.50918
1084,0.508105
1080,0.508105
1082,0.504883
1082,0.510254
1081,0.50918
1082,0.510254
1077,0.50918
1081,0.508105
1076,0.510254
1083,0.510254
1078,0.511328
1080,0.510254
1077,0.510254
1076,0.510254
1079,0.507031
1074,0.511328
1078,0.50918
1075,0.510254
1078,0.50918
1075,0.512402
1074,0.511328
1074,0.511328
1072,0.511328
1075,0.513477
1074,0.512402
1075,0.512402
1072,0.512402
1072,0.513477
1072,0.512402
1070,0.512402
1072,0.513477
1070,0.513477
1073,0.513477
1070,0.513477
1070,0.513477
1070,0.513477
1066,0.513477
1071,0.513477
1067,0.514551
1070,0.519922
1068,0.515625
1066,0.516699
1068,0.516699
1064,0.516699
1069,0.516699
1065,0.517773
1067,0.518848
1066,0.517773
1063,0.518848
1066,0.519922
1061,0.519922
1065,0.517773
1064,0.518848
1064,0.518848
1063,0.519922
1060,0.520996
1063,0.520996
1060,0.519922
1062,0.520996
1062,0.520996
1061,0.520996
1060,0.520996
1059,0.520996
1059,0.523145
1059,0.524219
1061,0.524219
1059,0.524219
1058,0.526367
1057,0.526367
1057,0.526367
1057,0.526367
1056,0.526367
1059,0.526367
1055,0.527441
1055,0.525293
1056,0.526367
1052,0.527441
1057,0.527441
1054,0.527441
1055,0.528516
1054,0.52959
1051,0.530664
1054,0.528516
1050,0.530664
1054,0.531738
1053,0.52959
1051,0.52959
1051,0.530664
1051,0.530664
1050,0.531738
1049,0.532813
1052,0.532813
1049,0.532813
1049,0.534961
1049,0.532813
1045,0.532813
1050,0.531738
1048,0.531738
1048,0.531738
1047,0.532813
1045,0.530664
1046,0.530664
1045,0.530664
1047,0.531738
1046,0.532813
1045,0.531738
1043,0.531738
1045,0.533887
1043,0.532813
1044,0.532813
1044,0.533887
1040,0.532813
1042,0.533887
1041,0.533887
1043,0.532813
1041,0.533887
1041,0.531738
1040,0.52959
1038,0.532813
1041,0.531738
1039,0.530664
1040,0.530664
1039,0.531738
1036,0.530664
1038,0.531738
1037,0.531738
1039,0.531738
1037,0.531738
1036,0.532813
1037,0.530664
1033,0.531738
1037,0.533887
1036,0.531738
1035,0.531738
1034,0.530664
1033,0.52959
1033,0.530664
1033,0.52959
1036,0.528516
1032,0.52959
1031,0.528516
1033,0.528516
1030,0.528516
1032,0.528516
1032,0.528516
1031,0.527441
1030,0.528516
1028,0.526367
1031,0.526367
1029,0.527441
1030,0
1027,0.527441
1027,0.527441
1027,0.527441
1030,0.527441
1027,0.527441
1025,0.526367
1027,0.526367
1024,0.525293
1027,0.526367
1026,0.525293
1025,0.525293
1024,0.525293
1021,0.525293
1026,0.524219
1024,0.524219
1024,0.524219
1022,0.524219
1022,0.524219
1022,0.52207
1021,0.523145
1023,0.525293
1022,0.524219
1019,0.524219
1020,0.523145
1020,0.524219
1022,0.523145
1019,0.523145
1017,0.523145
1020,0.52207
1017,0.523145
1018,0.52207
1018,0.520996
1017,0.519922
1014,0.520996
1018,0.518848
1017,0.519922
1016,0.518848
1014,0.52207
1013,0.520996
1017,0.524219
1014,0.520996
1015,0.519922
1013,0.519922
1012,0.520996
1014,0.519922
1012,0.519922
1013,0.519922
1013,0.519922
1010,0.519922
1011,0.518848
1010,0.519922
1013,0.518848
1011,0.517773
1008,0.518848
1009,0.516699
1009,0.518848
1011,0.518848
1009,0.517773
1006,0.517773
1008,0.516699
1007,0.517773
1010,0.517773
1007,0.517773
1004,0.517773
1007,0.517773
1005,0.517773
1008,0.516699
1005,0.518848
1004,0.516699
1005,0.517773
1003,0.516699
1005,0.517773
1004,0.515625
1002,0.517773
1004,0.515625
1001,0.515625
1004,0.514551
1002,0.514551
1000,0.514551
1003,0.514551
999,0.514551
1002,0.515625
1000,0.514551
999,0.515625
1001,0.514551
997,0.514551
1001,0.514551
999,0.515625
997,0.513477
999,0.513477
995,0.513477
999,0.514551
998,0.512402
995,0.512402
997,0.512402
995,0.514551
997,0.512402
995,0.513477
994,0.512402
995,0.511328
993,0.512402
996,0.512402
994,0.511328
991,0.511328
994,0.512402
992,0.512402
994,0.511328
993,0.512402
989,0.512402
991,0.511328
991,0.512402
993,0.512402
991,0.510254
987,0.511328
990,0.511328
989,0.511328
991,0.510254
989,0.511328
987,0.511328
988,0.510254
987,0.50918
989,0.511328
987,0.510254
985,0.510254
988,0.50918
986,0.50918
986,0.50918
985,0.50918
983,0.50918
987,0.50918
985,0.50918
984,0.50918
984,0.50918
981,0.510254
985,0.508105
983,0.50918
982,0.508105
983,0.508105
980,0.507031
983,0.50918
979,0.507031
981,0.507031
979,0.507031
983,0.507031
979,0.507031
978,0.505957
979,0.507031
978,0.507031
980,0.507031
977,0.507031
976,0.507031
979,0.507031
977,0.507031
978,0.507031
975,0.508105
974,0.504883
977,0.507031
977,0.505957
974,0.505957
975,0.504883
973,0.505957
976,0.504883
974,0.504883
972,0.504883
973,0.504883
972,0.502734
975,0.504883
972,0.504883
970,0.504883
972,0.504883
972,0.504883
971,0.504883
970,0.504883
968,0.508105
971,0.504883
971,0.504883
969,0.505957
969,0.504883
967,0.503809
971,0.50166
968,0.503809
965,0.50166
968,0.502734
966,0.502734
969,0.504883
966,0.50166
964,0.503809
967,0.502734
966,0.503809
966,0.502734
964,0.503809
962,0.502734
967,0.502734
964,0.503809
962,0.503809
963,0.502734
962,0.50166
965,0.50166
962,0.50166
960,0.50166
963,0.50166
961,0.500586
962,0.50166
960,0.50166
958,0.50166
962,0.500586
960,0.500586
958,0.500586
959,0.50166
958,0.500586
961,0.50166
957,0.50166
956,0.500586
959,0.500586
958,0.50166
957,0.500586
956,0.502734
954,0.500586
958,0.500586
956,0.500586
954,0.50166
955,0.499512
954,0.500586
956,0.500586
953,0.500586
952,0.499512
954,0.499512
954,0.498438
952,0.498438
953,0.498438
951,0.499512
954,0.497363
951,0.499512
950,0.498438
951,0.500586
951,0.499512
951,0.499512
950,0.499512
947,0.500586
951,0.499512
949,0.499512
947,0.498438
949,0.498438
947,0.498438
949,0.499512
947,0.497363
945,0.498438
949,0.497363
947,0.497363
944,0.497363
946,0.497363
945,0.497363
947,0.497363
944,0.498438
943,0.498438
946,0.498438
944,0.496289
943,0.498438
943,0.497363
942,0.497363
945,0.497363
942,0.497363
940,0.497363
943,0.497363
942,0.496289
941,0.497363
940,0.496289
939,0.497363
943,0.497363
939,0.496289
938,0.497363
940,0.496289
940,0.496289
938,0.494141
938,0.497363
937,0.496289
940,0.496289
937,0.496289
935,0.496289
938,0.495215
937,0.496289
935,0.496289
936,0.496289
934,0.496289
937,0.497363
935,0.499512
933,0.494141
935,0.495215
934,0.495215
933,0.494141
934,0.495215
931,0.495215
935,0.496289
932,0.493066
930,0.495215
933,0.494141
932,0.494141
930,0.495215
931,0.495215
930,0.495215
932,0.493066
929,0.496289
928,0.495215
931,0.494141
930,0.496289
927,0.496289
928,0.493066
928,0.495215
930,0.495215
926,0.493066
926,0.495215
929,0.493066
927,0.493066
924,0.493066
927,0.494141
926,0.493066
925,0.494141
925,0.493066
923,0.494141
927,0.493066
923,0.491992
922,0.494141
924,0.491992
924,0.493066
922,0.494141
922,0.493066
921,0.495215
924,0.494141
921,0.494141
919,0.494141
923,0.494141
922,0.493066
919,0.493066
920,0.493066
920,0.493066
921,0.491992
918,0.494141
917,0.490918
921,0.491992
918,0.490918
916,0.493066
918,0.491992
918,0.493066
916,0.493066
916,0.493066
916,0.493066
918,0.495215
915,0.491992
914,0.491992
918,0.493066
915,0.493066
913,0.490918
914,0.495215
915,0.490918
913,0.493066
913,0.490918
911,0.491992
916,0.490918
911,0.493066
910,0.489844
914,0.491992
912,0.491992
910,0.491992
911,0.490918
912,0.494141
910,0.491992
909,0.494141
908,0.490918
912,0.494141
908,0.490918
907,0.491992
910,0.490918
909,0.491992
907,0.489844
908,0.493066
907,0.489844
907,0.490918
906,0.491992
905,0.491992
908,0.489844
905,0.491992
903,0.48877
908,0.489844
906,0.48877
903,0.490918
904,0.489844
904,0.491992
903,0.490918
903,0.490918
902,0.489844
905,0.490918
901,0.48877
901,0.491992
905,0.490918
901,0.491992
899,0.48877
901,0.491992
901,0.489844
899,0.490918
900,0.48877
900,0.489844
901,0.48877
899,0.48877
896,0.489844
901,0.489844
897,0.493066
896,0.489844
899,0.48877
899,0.491992
895,0.48877
897,0.489844
897,0.48877
895,0.490918
895,0.48877
895,0.489844
897,0.489844
895,0.490918
892,0.48877
897,0.493066
893,0.489844
891,0.48877
895,0.487695
894,0.48877
891,0.486621
893,0.48877
893,0.487695
891,0.48877
891,0.487695
890,0.48877
893,0.487695
890,0.489844
889,0.487695
892,0.489844
889,0.48877
887,0.487695
891,0.487695
890,0.48877
887,0.487695
888,0.48877
888,0.486621
887,0.487695
887,0.486621
887,0.487695
889,0.487695
886,0.487695
884,0.487695
887,0.487695
885,0.486621
883,0.487695
888,0.486621
885,0.48877
882,0.487695
884,0.489844
885,0.487695
882,0.48877
884,0.487695
883,0.48877
882,0.487695
881,0.487695
882,0.48877
