426,0.688574
429,0.699316
430,0.698242
429,0.688574
433,0.685352
432,0.690723
432,0.700391
435,0.698242
433,0.727246
437,0.683203
438,0.678906
436,0.690723
439,0.700391
438,0.716504
439,0.683203
441,0.686426
442,0.683203
442,0.698242
441,0.692871
446,0.703613
443,0.684277
447,0.692871
447,0.702539
446,0.682129
450,0.691797
448,0.69502
452,0.719727
452,0.678906
453,0.6875
453,0.677832
454,0.690723
455,0.684277
457,0.69502
461,0.739063
457,0.682129
461,0.683203
460,0.675684
464,0.67998
464,0.69502
467,0.692871
464,0.69502
469,0.766992
467,0.671387
473,0.67998
471,0.675684
474,0.704688
473,0.690723
475,0.674609
476,0.685352
480,0.686426
477,0.704688
483,0.772363
480,0.675684
486,0.664941
485,0.677832
485,0.69502
488,0.693945
487,0.674609
492,0.681055
492,0.683203
493,0.682129
492,0.688574
496,0.688574
497,0.688574
498,0.73584
500,0.67998
498,0.662793
502,0.677832
504,0.674609
505,0.676758
506,0.682129
505,0.683203
507,0.669238
511,0.683203
511,0.684277
511,0.677832
513,0.685352
512,0.67998
517,0.678906
519,0.685352
516,0.678906
520,0.682129
520,0.685352
521,0.684277
524,0.686426
524,0.691797
524,0.683203
527,0.692871
528,0.69502
528,0.685352
529,0.688574
532,0.685352
531,0.6875
534,0.693945
534,0.6875
535,0.686426
539,0.683203
540,0.688574
538,0.676758
543,0.676758
542,0.682129
546,0.682129
544,0.684277
546,0.684277
548,0.681055
549,0.677832
550,0.678906
549,0.676758
553,0.664941
553,0.685352
555,0.685352
556,0.684277
557,0.689648
559,0.682129
561,0.683203
561,0.690723
562,0.6875
564,0.6875
564,0.691797
568,0.685352
567,0.693945
568,0.67998
570,0.678906
573,0.681055
573,0.678906
573,0.686426
576,0.683203
575,0.685352
581,0.682129
580,0.696094
581,0.690723
581,0.689648
584,0.696094
584,0.690723
585,0.6875
587,0.696094
590,0.6875
590,0.686426
592,0.633789
595,0.693945
594,0.69502
598,0.692871
595,0.691797
601,0.688574
601,0.69502
604,0.692871
606,0.703613
605,0.698242
607,0.704688
611,0.702539
610,0.692871
611,0.702539
612,0.702539
616,0.705762
616,0.710059
617,0.708984
618,0.708984
622,0.70791
623,0.708984
622,0.711133
623,0.713281
627,0.710059
629,0.724023
627,0.710059
629,0.714355
633,0.714355
633,0.713281
633,0.713281
635,0.704688
638,0.71543
638,0.714355
640,0.713281
644,0.711133
642,0.712207
645,0.711133
645,0.714355
651,0.714355
647,0.712207
652,0.71543
652,0.720801
654,0.716504
652,0.716504
655,0.714355
657,0.714355
656,0.716504
658,0.719727
658,0.759473
663,0.718652
662,0.719727
663,0.720801
663,0.675684
667,0.718652
665,0.717578
667,0.720801
668,0.814258
671,0.716504
670,0.720801
672,0.718652
673,0.721875
674,0.720801
675,0.721875
675,0.722949
679,0.719727
679,0.717578
679,0.721875
678,0.718652
683,0.718652
681,0.720801
684,0.721875
684,0.717578
685,0.716504
686,0.720801
688,0.71543
690,0.714355
690,0.712207
689,0.714355
689,0.713281
695,0.70791
693,0.70791
695,0.706836
695,0.70791
697,0.731543
697,0.704688
697,0.706836
701,0.700391
698,0.703613
701,0.700391
702,0.699316
702,0.698242
703,0.698242
704,0.69502
708,0.701465
705,0.698242
706,0.691797
708,0.689648
710,0.603711
708,0.689648
710,0.692871
713,0.696094
715,0.684277
712,0.683203
715,0.825
717,0.681055
715,0.685352
716,0.65957
720,0.677832
720,0.67998
719,0.681055
722,0.676758
723,0.677832
721,0.676758
724,0.671387
727,0.677832
724,0.670313
727,0.673535
728,0.673535
729,0.669238
729,0.674609
731,0.63916
733,0.666016
731,0.670313
733,0.66709
734,0.661719
738,0.669238
735,0.666016
735,0.66709
741,0.674609
738,0.65957
739,0.662793
743,0.660645
741,0.660645
742,0.65957
746,0.657422
744,0.658496
747,0.65957
746,0.655273
750,0.655273
749,0.653125
748,0.656348
755,0.654199
752,0.654199
754,0.743359
755,0.653125
756,0.653125
758,0.653125
756,0.653125
764,0.652051
759,0.650977
760,0.652051
768,0.649902
762,0.649902
769,0.647754
766,0.644531
773,0.64668
768,0.64668
771,0.648828
774,0.642383
774,0.648828
775,0.644531
781,0.648828
779,0.645605
780,0.645605
786,0.643457
782,0.644531
786,0.644531
789,0.645605
789,0.645605
792,0.647754
794,0.64668
800,0.647754
796,0.645605
801,0.648828
803,0.648828
805,0.650977
806,0.647754
809,0.650977
813,0.647754
812,0.632715
820,0.649902
817,0.653125
819,0.655273
827,0.656348
827,0.657422
829,0.657422
834,0.662793
835,0.663867
843,0.661719
839,0.663867
843,0.668164
852,0.663867
851,0.668164
854,0.670313
858,0.668164
859,0.673535
859,0.673535
866,0.674609
866,0.681055
870,0.67998
876,0.683203
873,0.688574
880,0.686426
883,0.6875
883,0.682129
893,0.691797
887,0.693945
893,0.698242
898,0.700391
895,0.700391
900,0.729395
905,0.710059
906,0.712207
910,0.714355
917,0.718652
913,0.721875
919,0.755176
922,0.72832
925,0.729395
933,0.732617
929,0.73584
936,0.737988
940,0.741211
941,0.753027
943,0.746582
944,0.74873
949,0.750879
956,0.754102
955,0.757324
957,0.759473
965,0.764844
962,0.764844
972,0.769141
970,0.773438
974,0.77666
979,0.779883
982,0.780957
983,0.838965
986,0.785254
989,0.787402
994,0.789551
996,0.791699
999,0.794922
999,0.789551
1008,0.798145
1009,0.801367
1008,0.803516
1015,0.80459
1016,0.803516
1020,0.805664
1024,0.807813
1025,0.812109
1030,0.812109
1030,0.814258
1037,0.81748
1042,0.821777
1041,0.822852
1044,0.828223
1049,0.830371
1051,0.833594
1053,0.834668
1057,0.836816
1060,0.837891
1063,0.837891
1069,0.841113
1068,0.844336
1071,0.843262
1078,0.84541
1077,0.846484
1082,0.847559
1082,0.846484
1087,0.849707
1088,0.854004
1096,0.857227
1096,0.858301
1098,0.861523
1103,0.862598
1105,0.879785
1109,0.864746
1109,0.86582
1116,0.866895
1113,0.867969
1120,0.867969
1121,0.87334
1127,0.874414
1132,0.877637
1127,0.878711
1140,0.880859
1137,0.884082
1142,0.879785
1142,0.885156
1145,0.88623
1148,0.888379
1155,0.888379
1154,0.889453
1158,0.887305
1165,0.892676
1163,0.895898
1165,0.895898
1167,0.896973
1174,0.895898
1171,0.902344
1179,0.904492
1177,0.905566
1184,0.903418
1184,0.902344
1187,0.909863
1194,0.908789
1195,0.907715
1197,0.917383
1199,0.92168
1201,0.919531
1209,0.919531
1204,0.924902
1210,0.927051
1207,0.912012
1209,0.906641
1206,0.912012
1213,0.915234
1212,0.919531
1217,0.918457
1219,0.925977
1220,0.90127
1217,0.929199
1227,0.932422
1221,0.920605
1224,0.919531
1222,0.920605
1224,0.925977
1228,0.932422
1230,0.924902
1230,0.925977
1234,0.935645
1234,0.941016
1234,0.929199
1235,0.913086
1237,0.908789
1235,0.90127
1235,0.905566
1236,0.906641
1236,0.909863
1243,0.913086
1239,0.917383
1239,0.925977
1242,0.929199
1247,0.924902
1243,0.919531
1245,0.919531
1248,0.923828
1247,0.927051
1245,0.928125
1247,0.92168
1247,0.923828
1251,0.928125
1249,0.922754
1249,0.919531
1251,0.920605
1252,0.920605
1251,0.91416
1253,0.915234
1252,0.915234
1254,0.905566
1250,0.903418
1254,0.904492
1252,0.90127
1252,0.898047
1250,0.892676
1254,0.896973
1250,0.881934
1253,0.887305
1250,0.887305
1250,0.88623
1249,0.885156
1250,0.88623
1252,0.891602
1250,0.877637
1250,0.872266
1252,0.872266
1248,0.88623
1250,0.863672
1249,0.866895
1251,0.859375
1250,0.858301
1248,0.860449
1251,0.861523
1251,0.863672
1251,0.859375
1251,0.863672
1248,0.863672
1247,0.856152
1249,0.856152
1249,0.857227
1247,0.860449
1247,0.849707
1247,0.858301
1252,0.85293
1246,0.846484
1246,0.843262
1249,0.846484
1247,0.840039
1247,0.837891
1246,0.842188
1244,0.834668
1245,0.831445
1243,0.829297
1246,0.831445
1243,0.828223
1244,0.830371
1244,0.831445
1243,0.828223
1242,0.831445
1245,0.822852
1241,0.823926
1243,0.792773
1244,0.815332
1244,0.813184
1242,0.816406
1240,0.821777
1240,0.808887
1241,0.809961
1238,0.815332
1241,0.812109
1237,0.807813
1239,0.808887
1237,0.813184
1240,0.806738
1236,0.800293
1237,0.799219
1238,0.794922
1236,0.787402
1233,0.780957
1235,0.780957
1236,0.77666
1234,0.771289
1234,0.766992
1234,0.760547
1232,0.757324
1234,0.758398
1231,0.758398
1231,0.758398
1230,0.753027
1232,0.74873
1227,0.746582
1231,0.742285
1228,0.742285
1230,0.740137
1226,0.740137
1228,0.740137
1227,0.736914
1227,0.734766
1224,0.733691
1225,0.732617
1225,0.730469
1225,0.730469
1222,0.727246
1225,0.726172
1223,0.725098
1222,0.722949
1222,0.722949
1220,0.720801
1219,0.718652
1219,0.716504
1218,0.711133
1219,0.713281
1218,0.712207
1217,0.712207
1217,0.711133
1217,0.70791
1216,0.708984
1216,0.70791
1215,0.705762
1215,0.702539
1214,0.703613
1216,0.702539
1212,0.701465
1214,0.701465
1211,0.699316
1214,0.697168
1210,0.698242
1213,0.688574
1209,0.696094
1211,0.69502
1209,0.693945
1212,0.693945
1207,0.693945
1211,0.691797
1207,0.690723
1207,0.690723
1206,0.689648
1207,0.688574
1205,0.6875
1206,0.688574
1205,0.686426
1207,0.684277
1205,0.733691
1203,0.684277
1203,0.683203
1203,0.685352
1202,0.682129
1204,0.681055
1201,0.681055
1200,0.676758
1204,0.67998
1199,0.678906
1203,0.676758
1199,0.678906
1201,0.674609
1196,0.676758
1201,0.673535
1199,0.675684
1199,0.673535
1196,0.672461
1199,0.672461
1194,0.671387
1196,0.671387
1193,0.669238
1199,0.670313
1194,0.669238
1195,0.669238
1194,0.668164
1194,0.668164
1193,0.666016
1191,0.66709
1192,0.66709
1189,0.66709
1192,0.664941
1189,0.662793
1192,0.663867
1188,0.662793
1189,0.664941
1187,0.661719
1190,0.661719
1186,0.65957
1189,0.65957
1185,0.65957
1188,0.65957
1185,0.658496
1186,0.65957
1184,0.658496
1184,0.657422
1183,0.656348
1184,0.656348
1183,0.656348
1182,0.657422
1182,0.654199
1182,0.655273
1184,0.658496
1179,0.653125
1183,0.654199
1179,0.654199
1182,0.653125
1179,0.652051
1179,0.652051
1180,0.652051
1180,0.649902
1177,0.650977
1178,0.650977
1176,0.648828
1177,0.648828
1175,0.647754
1177,0.648828
1176,0.648828
1174,0.64668
1176,0.647754
1172,0.645605
1176,0.645605
1172,0.64668
1175,0.644531
1171,0.644531
1173,0.645605
1171,0.644531
1172,0.643457
1170,0.641309
1170,0.642383
1170,0.643457
1172,0.640234
1169,0.642383
1167,0.640234
1169,0.637012
1168,0.641309
1168,0.640234
1165,0.634863
1169,0.641309
1166,0.640234
1167,0.638086
1164,0.63916
1168,0.638086
1164,0.63916
1164,0.638086
1163,0.637012
1164,0.638086
1162,0.638086
1161,0.637012
1163,0.635938
1161,0.635938
1163,0.635938
1159,0.633789
1164,0.633789
1160,0.634863
1162,0.634863
1158,0.632715
1159,0.633789
1157,0.633789
1158,0.632715
1159,0.633789
1157,0.632715
1156,0.632715
1157,0.633789
1158,0.633789
1154,0.653125
1157,0.642383
1155,0.628418
1156,0.629492
1153,0.634863
1155,0.624121
1151,0.609082
1154,0.628418
1152,0.629492
1151,0.628418
1152,0.628418
1151,0.628418
1151,0.627344
1149,0.627344
1153,0.628418
1149,0.627344
1150,0.62627
1147,0.627344
1150,0.619824
1147,0.625195
1148,0.625195
1148,0.625195
1145,0.624121
1147,0.625195
1145,0.625195
1147,0.62627
1144,0.624121
1147,0.623047
1142,0.623047
1146,0.623047
1142,0.620898
1143,0.620898
1142,0.620898
1144,0.621973
1140,0.623047
1141,0.623047
1143,0.620898
1140,0.621973
1143,0.619824
1138,0.620898
1141,0.620898
1139,0.621973
1139,0.620898
1137,0.61875
1139,0.61875
1135,0.617676
1137,0.619824
1138,0.619824
1135,0.61875
1139,0.616602
1134,0.616602
1137,0.616602
1134,0.61875
1135,0.617676
1132,0.615527
1136,0.615527
1133,0.617676
1133,0.617676
1133,0.616602
1131,0.616602
1134,0.615527
1129,0.61875
1133,0.616602
1129,0.615527
1131,0.614453
1129,0.614453
1129,0.615527
1127,0.614453
1129,0.613379
1129,0.613379
1127,0.613379
1129,0.613379
1126,0.612305
1129,0.612305
1124,0.613379
1127,0.612305
1125,0.61123
1125,0.61123
1125,0.612305
1123,0.61123
1122,0.612305
1124,0.61123
1121,0.612305
1123,0.61123
1121,0.610156
1122,0.609082
1121,0.612305
1121,0.610156
1120,0.610156
1120,0.610156
1121,0.610156
1117,0.606934
1120,0.608008
1116,0.608008
1121,0.608008
1115,0.609082
1117,0.606934
1118,0.609082
1116,0.608008
1118,0.608008
1114,0.608008
1117,0.608008
1113,0.606934
1116,0.606934
1112,0.608008
1113,0.606934
1114,0.606934
1112,0.606934
1115,0.604785
1110,0.604785
1114,0.604785
1108,0.603711
1113,0.604785
1108,0.604785
1110,0.604785
1110,0.604785
1109,0.604785
1112,0.603711
1106,0.604785
1110,0.605859
1105,0.604785
1109,0.603711
1105,0.603711
1107,0.604785
1107,0.602637
1105,0.603711
1108,0.602637
1103,0.603711
1106,0.602637
1102,0.601563
1105,0.605859
1101,0.600488
1105,0.600488
1103,0.600488
1102,0.600488
1104,0.600488
1100,0.600488
1101,0.600488
1100,0.600488
1101,0.600488
1099,0.600488
1100,0.600488
1100,0.601563
1100,0.600488
1100,0.600488
1097,0.600488
1098,0.600488
1098,0.600488
1096,0.600488
1098,0.602637
1096,0.599414
1098,0.599414
1094,0.59834
1097,0.59834
1092,0.59834
1096,0.59834
1092,0.59834
1094,0.59834
1094,0.596191
1093,0.59834
1093,0.597266
1091,0.599414
1093,0.599414
1090,0.599414
1092,0.596191
1091,0.596191
1090,0.59834
1091,0.596191
1089,0.596191
1089,0.597266
1087,0.596191
1089,0.597266
1087,0.597266
1087,0.594043
1090,0.595117
1085,0.595117
1088,0.594043
1084,0.595117
1087,0.595117
1083,0.592969
1086,0.594043
1084,0.594043
1085,0.594043
1085,0.595117
1082,0.594043
1083,0.595117
1082,0.596191
1081,0.594043
1083,0.594043
1081,0.595117
1083,0.594043
1081,0.594043
1080,0.594043
1079,0.592969
1079,0.592969
1080,0.591895
1078,0.592969
1082,0.591895
1077,0.591895
1078,0.592969
1076,0.592969
1077,0.591895
1077,0.591895
1075,0.591895
1079,0.591895
1073,0.591895
1077,0.591895
1073,0.591895
1075,0.594043
1073,0.59082
1073,0.591895
1076,0.591895
1071,0.592969
1074,0.59082
1071,0.591895
1073,0.59082
1070,0.59082
1073,0.59082
1073,0.59082
1069,0.589746
1072,0.589746
1067,0.59082
1070,0.59082
1068,0.59082
1068,0.59082
1071,0.589746
1066,0.592969
1068,0.592969
1065,0.59082
1067,0.591895
1066,0.592969
1065,0.589746
1068,0.589746
1064,0.591895
1065,0.589746
1063,0.59082
1064,0.589746
1064,0.59082
1063,0.589746
1065,0.589746
1061,0.59082
1062,0.59082
1061,0.589746
1061,0.59082
1062,0.589746
1062,0.592969
1061,0.589746
1059,0.588672
1060,0.59082
1057,0.59082
1059,0.59082
1059,0.589746
1059,0.589746
1059,0.591895
1054,0.59082
1059,0.59082
1054,0.591895
1057,0.59082
1058,0.588672
1054,0.589746
1057,0.589746
1052,0.588672
1055,0.588672
1054,0.589746
1053,0.589746
1055,0.589746
1052,0.588672
1053,0.589746
1051,0.59082
1052,0.59082
1051,0.589746
1052,0.589746
1052,0.589746
1048,0.589746
1052,0.59082
1047,0.589746
1050,0.588672
1051,0.589746
1047,0.581152
1049,0.588672
1047,0.589746
1046,0.589746
1048,0.589746
1047,0.589746
1047,0.59082
1045,0.589746
1046,0.589746
1043,0.591895
1046,0.59082
1046,0.588672
1044,0.588672
1045,0.59082
1041,0.589746
1043,0.59082
1043,0.59082
1042,0.59082
1044,0.59082
1040,0.588672
1042,0.589746
1039,0.589746
1041,0.589746
1041,0.591895
1040,0.589746
1040,0.589746
1039,0.59082
1039,0.588672
1039,0.589746
1038,0.591895
1039,0.589746
1036,0.59082
1038,0.59082
1034,0.592969
1037,0.589746
1038,0.59082
1034,0.592969
1036,0.591895
1034,0.592969
1034,0.592969
1034,0.591895
1034,0.591895
1035,0.59082
1030,0.591895
1035,0.591895
1030,0.591895
1032,0.591895
1034,0.591895
1030,0.591895
1030,0.591895
1029,0.592969
1031,0.591895
1030,0.592969
1029,0.591895
1031,0.591895
1026,0.592969
1028,0.592969
1029,0.595117
1028,0.592969
1028,0.595117
1024,0.591895
1029,0.591895
1024,0.592969
1026,0.592969
1027,0.594043
1025,0.592969
1024,0.592969
1022,0.592969
1025,0.591895
1026,0.592969
1022,0.594043
1023,0.594043
1022,0.592969
1021,0.595117
1023,0.594043
1022,0.595117
1018,0.596191
1021,0.594043
1020,0.594043
1020,0.597266
1021,0.596191
1017,0.595117
1020,0.594043
1016,0.595117
1018,0.592969
1020,0.594043
1016,0.595117
1017,0.594043
1014,0.594043
1017,0.594043
1018,0.595117
1015,0.594043
1014,0.596191
1013,0.596191
1016,0.596191
1015,0.594043
1013,0.597266
1013,0.595117
1012,0.595117
1013,0.595117
1012,0.595117
1012,0.595117
1013,0.592969
1010,0.595117
1010,0.592969
1011,0.594043
1010,0.592969
1012,0.594043
1007,0.592969
1008,0.591895
1009,0.592969
1010,0.592969
1009,0.591895
1005,0.591895
1007,0.592969
1008,0.59082
1007,0.591895
1007,0.592969
1003,0.592969
1007,0.592969
1005,0.592969
1005,0.59082
1005,0.592969
1002,0.591895
1005,0.592969
1003,0.591895
1003,0.59082
1005,0.589746
1000,0.591895
1002,0.589746
1001,0.589746
1002,0.589746
1002,0.59082
999,0.591895
1001,0.591895
999,0.589746
1000,0.59082
1000,0.59082
997,0.591895
1000,0.589746
997,0.59082
999,0.589746
998,0.59082
995,0.589746
998,0.589746
996,0.59082
996,0.59082
998,0.589746
992,0.588672
996,0.586523
994,0.588672
996,0.587598
995,0.588672
991,0.587598
993,0.588672
993,0.588672
994,0.587598
993,0.587598
990,0.591895
991,0.587598
991,0.589746
992,0.588672
992,0.589746
988,0.588672
989,0.588672
990,0.589746
989,0.587598
990,0.587598
988,0.589746
987,0.587598
989,0.586523
987,0.586523
987,0.589746
986,0.585449
986,0.587598
988,0.589746
985,0.585449
985,0.585449
983,0.586523
985,0.585449
987,0.587598
983,0.584375
984,0.587598
981,0.584375
983,0.585449
984,0.586523
981,0.587598
982,0.585449
981,0.586523
982,0.585449
982,0.584375
978,0.584375
980,0.586523
981,0.583301
980,0.582227
980,0.584375
977,0.583301
978,0.584375
978,0.585449
978,0.584375
978,0.583301
975,0.583301
977,0.584375
979,0.583301
975,0.586523
976,0.585449
973,0.585449
976,0.583301
976,0.584375
973,0.584375
974,0.583301
974,0.581152
974,0.582227
974,0.582227
970,0.582227
972,0.581152
972,0.585449
972,0.582227
972,0.583301
970,0.582227
971,0.582227
972,0.581152
969,0.583301
969,0.582227
967,0.584375
970,0.581152
970,0.583301
966,0.582227
969,0.582227
967,0.581152
968,0.582227
968,0.580078
965,0.581152
965,0.581152
967,0.581152
965,0.580078
965,0.582227
963,0.581152
965,0.581152
967,0.583301
962,0.582227
964,0.582227
962,0.581152
964,0.581152
963,0.582227
960,0.581152
962,0.581152
962,0.581152
961,0.581152
961,0.579004
959,0.581152
960,0.580078
962,0.579004
958,0.579004
960,0.580078
957,0.57793
960,0.579004
959,0.580078
956,0.579004
957,0.576855
958,0.582227
956,0.57793
957,0.580078
954,0.57793
956,0.582227
957,0.579004
954,0.581152
955,0.579004
954,0.576855
955,0.579004
954,0.579004
952,0.579004
953,0.580078
954,0.57793
952,0.579004
953,0.57793
949,0.57793
953,0.57793
952,0.57793
949,0.576855
950,0.57793
951,0.576855
949,0.576855
950,0.574707
947,0.579004
949,0.57793
951,0.576855
946,0.576855
947,0.579004
948,0.576855
948,0.57793
947,0.57793
944,0.57793
947,0.574707
947,0.575781
944,0.575781
946,0.574707
944,0.575781
945,0.575781
945,0.576855
942,0.57793
943,0.575781
945,0.576855
942,0.574707
943,0.576855
941,0.57793
942,0.57793
943,0.575781
939,0.576855
941,0.576855
942,0.576855
939,0.575781
940,0.579004
938,0.574707
940,0.574707
940,0.575781
937,0.575781
938,0.572559
939,0.573633
937,0.572559
937,0.573633
936,0.574707
937,0.574707
938,0.575781
933,0.574707
936,0.576855
937,0.576855
934,0.574707
934,0.576855
933,0.574707
935,0.576855
935,0.572559
931,0.574707
933,0.575781
934,0.574707
931,0.572559
933,0.574707
930,0.572559
932,0.572559
932,0.574707
928,0.574707
931,0.57041
932,0.572559
928,0.575781
929,0.573633
929,0.573633
929,0.571484
929,0.572559
926,0.569336
928,0.573633
929,0.574707
925,0.573633
927,0.573633
927,0.573633
926,0.576855
926,0.573633
924,0.573633
926,0.576855
927,0.572559
922,0.569336
924,0.572559
925,0.573633
924,0.57041
923,0.569336
922,0.573633
923,0.57041
923,0.572559
920,0.574707
921,0.572559
923,0.571484
919,0.573633
921,0.572559
920,0.57041
921,0.573633
919,0.574707
918,0.572559
920,0.573633
920,0.571484
917,0.571484
918,0.57041
919,0.57041
917,0.569336
917,0.572559
916,0.57041
917,0.569336
916,0.571484
914,0.571484
916,0.57041
917,0.573633
913,0.571484
914,0.571484
915,0.569336
914,0.573633
914,0.57041
912,0.57041
914,0.572559
913,0.571484
911,0.569336
912,0.57041
913,0.57041
909,0.569336
911,0.572559
911,0.571484
911,0.569336
910,0.571484
909,0.57041
910,0.571484
911,0.57041
906,0.571484
908,0.571484
910,0.57041
906,0.57041
908,0.572559
907,0.571484
908,0.571484
906,0.569336
905,0.572559
908,0.569336
906,0.57041
903,0.568262
905,0.57041
906,0.57041
902,0.57041
904,0.568262
905,0.569336
904,0.568262
903,0.571484
902,0.569336
903,0.568262
902,0.57041
900,0.57041
902,0.567188
903,0.571484
899,0.571484
900,0.57041
903,0.567188
898,0.571484
900,0.569336
898,0.568262
900,0.569336
898,0.569336
897,0.566113
900,0.569336
899,0.569336
895,0.568262
897,0.568262
898,0.572559
894,0.566113
897,0.567188
897,0.57041
896,0.569336
895,0.566113
893,0.571484
895,0.568262
894,0.566113
893,0.569336
894,0.57041
896,0.567188
891,0.57041
892,0.569336
894,0.567188
890,0.566113
892,0.57041
892,0.566113
892,0.567188
891,0.568262
889,0.57041
890,0.567188
890,0.568262
888,0.568262
891,0.568262
890,0.567188
887,0.567188
888,0.567188
889,0.569336
886,0.567188
887,0.566113
889,0.568262
886,0.57041
886,0.565039
886,0.567188
886,0.567188
886,0.567188
884,0.567188
886,0.567188
885,0.566113
882,0.565039
884,0.57041
886,0.567188
882,0.565039
882,0.568262
885,0.568262
880,0.566113
882,0.566113
883,0.567188
881,0.566113
881,0.566113
880,0.566113
881,0.568262
881,0.566113
879,0.568262
881,0.569336
878,0.563965
877,0.565039
880,0.569336
880,0.565039
877,0.565039
877,0.567188
879,0.566113
875,0.562891
877,0.566113
878,0.567188
875,0.562891
875,0.567188
876,0.569336
876,0.562891
875,0.565039
874,0.567188
874,0.567188
874,0.565039
873,0.566113
875,0.566113
873,0.565039
871,0.566113
873,0.567188
874,0.565039
870,0.565039
871,0.567188
873,0.566113
869,0.560742
871,0.566113
872,0.565039
868,0.561816
869,0.562891
871,0.572559
869,0.563965
867,0.568262
869,0.566113
869,0.561816
866,0.566113
868,0.565039
866,0.565039
866,0.563965
868,0.567188
866,0.562891
864,0.562891
866,0.567188
867,0.565039
863,0.561816
864,0.567188
866,0.563965
862,0.565039
864,0.562891
864,0.565039
861,0.561816
863,0.563965
865,0.565039
860,0.565039
861,0.562891
863,0.567188
861,0.566113
860,0.563965
860,0.561816
861,0.565039
861,0.562891
858,0.563965
860,0.562891
859,0.563965
858,0.562891
