402,0.708984
402,0.716504
405,0.711133
403,0.701465
405,0.697168
408,0.711133
408,0.708984
409,0.701465
411,0.692871
409,0.711133
412,0.698242
413,0.768066
414,0.690723
416,0.706836
416,0.704688
417,0.714355
418,0.688574
419,0.692871
421,0.712207
422,0.703613
423,0.706836
423,0.701465
424,0.696094
426,0.702539
426,0.699316
428,0.699316
429,0.689648
428,0.702539
431,0.701465
433,0.704688
431,0.701465
435,0.699316
435,0.685352
434,0.700391
439,0.698242
436,0.705762
439,0.716504
442,0.690723
439,0.688574
442,0.692871
442,0.692871
443,0.704688
446,0.69502
445,0.688574
445,0.683203
447,0.701465
449,0.686426
448,0.700391
452,0.701465
451,0.67998
452,0.67998
455,0.6875
453,0.685352
458,0.700391
457,0.69502
458,0.700391
458,0.799219
462,0.682129
460,0.684277
465,0.685352
463,0.689648
464,0.688574
469,0.697168
467,0.692871
470,0.628418
472,0.684277
469,0.678906
474,0.689648
474,0.686426
477,0.684277
477,0.682129
478,0.691797
479,0.690723
483,0.69502
481,0.757324
486,0.684277
483,0.682129
487,0.691797
489,0.689648
488,0.681055
494,0.676758
490,0.685352
494,0.685352
495,0.688574
495,0.688574
500,0.689648
497,0.6875
501,0.696094
502,1.09893
505,0.682129
503,0.689648
508,0.683203
506,0.696094
508,0.692871
512,0.69502
508,0.688574
512,0.688574
513,0.688574
514,0.683203
518,0.686426
514,0.688574
518,0.686426
520,0.690723
520,0.688574
523,0.696094
521,0.6875
524,0.696094
523,0.693945
528,0.697168
528,0.698242
525,0.699316
532,0.69502
529,0.701465
532,0.701465
533,0.699316
533,0.696094
536,0.698242
535,0.703613
540,0.705762
536,0.701465
539,0.702539
540,0.696094
544,0.700391
542,0.691797
542,0.693945
548,0.690723
546,0.699316
549,0.692871
547,0.697168
550,0.692871
554,0.702539
553,0.693945
554,0.698242
553,0.696094
558,0.704688
557,0.700391
560,0.737988
559,0.706836
563,0.70791
564,0.704688
565,0.703613
566,0.704688
565,0.700391
571,0.696094
569,0.702539
574,0.699316
570,0.686426
574,0.702539
574,0.699316
577,0.699316
578,0.666016
578,0.705762
581,0.705762
582,0.710059
586,0.705762
582,0.711133
588,0.70791
587,0.70791
590,0.706836
588,0.704688
592,0.718652
592,0.710059
595,0.713281
595,0.713281
598,0.708984
600,0.712207
600,0.713281
602,0.706836
603,0.719727
604,0.725098
607,0.720801
604,0.725098
608,0.722949
610,0.724023
610,0.589746
608,0.727246
612,0.727246
613,0.729395
614,0.726172
612,0.725098
616,0.725098
614,0.731543
620,0.729395
616,0.736914
622,0.734766
619,0.734766
625,0.72832
622,0.73584
626,0.734766
624,0.737988
629,0.737988
626,0.739063
630,0.734766
630,0.734766
633,0.742285
630,0.739063
635,0.739063
635,0.740137
637,0.739063
636,0.739063
639,0.737988
639,0.751953
641,0.739063
640,0.740137
644,0.741211
644,0.741211
645,0.742285
644,0.747656
647,0.743359
648,0.746582
648,0.744434
648,0.746582
649,0.78418
652,0.746582
650,0.74873
653,0.747656
653,0.744434
656,0.743359
652,0.745508
656,0.743359
654,0.747656
658,0.745508
653,0.745508
659,0.747656
657,0.750879
660,0.747656
658,0.745508
662,0.744434
661,0.746582
661,0.74873
661,0.757324
661,0.742285
664,0.741211
664,0.740137
665,0.742285
666,0.742285
669,0.742285
667,0.743359
668,0.809961
668,0.740137
669,0.744434
673,0.714355
674,0.742285
673,0.744434
673,0.747656
674,0.741211
676,0.744434
675,0.746582
678,0.745508
675,0.742285
680,0.740137
676,0.743359
683,0.744434
681,0.742285
683,0.743359
681,0.747656
682,0.747656
684,0.741211
685,0.747656
686,0.742285
684,0.744434
688,0.742285
685,0.747656
688,0.745508
687,0.737988
691,0.734766
688,0.734766
693,0.729395
694,0.732617
692,0.733691
695,0.670313
693,0.72832
698,0.732617
695,0.729395
697,0.72832
698,0.730469
698,0.732617
702,0.726172
699,0.726172
703,0.726172
699,0.727246
706,0.720801
704,0.722949
705,0.721875
707,0.717578
708,0.719727
712,0.703613
707,0.713281
712,0.712207
713,0.722949
714,0.70791
712,0.710059
715,0.698242
720,0.702539
714,0.702539
720,0.702539
720,0.697168
721,0.701465
720,0.700391
722,0.697168
725,0.698242
723,0.696094
727,0.696094
727,0.69502
726,0.693945
730,0.69502
729,0.668164
732,0.690723
730,0.691797
733,0.690723
732,0.688574
735,0.688574
735,0.689648
736,0.6875
740,0.681055
737,0.684277
744,0.681055
739,0.682129
745,0.684277
744,0.67998
744,0.681055
748,0.67998
746,0.677832
750,0.67998
750,0.676758
750,0.677832
753,0.676758
752,0.676758
755,0.690723
758,0.673535
756,0.674609
760,0.673535
757,0.672461
764,0.673535
761,0.669238
763,0.671387
767,0.669238
764,0.670313
770,0.668164
769,0.668164
772,0.668164
773,0.66709
774,0.669238
774,0.668164
778,0.643457
777,0.664941
783,0.668164
780,0.664941
784,0.66709
788,0.666016
786,0.669238
787,0.666016
794,0.670313
791,0.668164
796,0.670313
797,0.671387
799,0.672461
803,0.672461
804,0.676758
808,0.673535
811,0.714355
813,0.676758
812,0.681055
817,0.682129
819,0.683203
819,0.683203
824,0.684277
825,0.688574
826,0.684277
833,0.688574
833,0.689648
836,0.691797
842,0.691797
839,0.690723
845,0.642383
847,0.697168
851,0.698242
850,0.701465
857,0.699316
860,0.705762
859,0.705762
863,0.706836
864,0.710059
867,0.712207
872,0.714355
873,0.686426
875,0.717578
881,0.717578
885,0.720801
885,0.721875
887,0.724023
891,0.726172
891,0.72832
900,0.730469
902,0.73584
902,0.737988
904,0.740137
909,0.739063
913,0.743359
915,0.747656
914,0.751953
921,0.753027
929,0.758398
927,0.761621
928,0.76377
932,0.76377
938,0.768066
938,0.766992
942,0.772363
946,0.775586
951,0.777734
950,0.783105
954,0.786328
958,0.788477
961,0.790625
966,0.790625
965,0.792773
970,0.79707
975,0.802441
975,0.80459
978,0.806738
979,0.809961
988,0.808887
988,0.813184
989,0.81748
995,0.819629
995,0.821777
999,0.826074
1007,0.827148
1006,0.828223
1011,0.831445
1011,0.833594
1017,0.831445
1021,0.83252
1020,0.837891
1024,0.841113
1025,0.843262
1032,0.84541
1035,0.848633
1037,0.850781
1040,0.856152
1040,0.856152
1049,0.859375
1051,0.861523
1054,0.861523
1055,0.86582
1056,0.866895
1058,0.869043
1064,0.872266
1067,0.87334
1072,0.87334
1074,0.874414
1076,0.875488
1081,0.875488
1082,0.876563
1088,0.877637
1088,0.877637
1095,0.883008
1093,0.88623
1100,0.88623
1097,0.88623
1107,0.889453
1106,0.888379
1111,0.892676
1112,0.894824
1118,0.895898
1118,0.895898
1121,0.896973
1125,0.902344
1128,0.902344
1136,0.905566
1134,0.906641
1136,0.906641
1140,0.906641
1144,0.907715
1145,0.913086
1151,0.913086
1152,0.913086
1154,0.910938
1158,0.912012
1156,0.91416
1162,0.917383
1164,0.907715
1168,0.918457
1168,0.916309
1176,0.916309
1180,0.920605
1179,0.925977
1179,0.925977
1183,0.922754
1188,0.929199
1189,0.932422
1192,0.93457
1191,0.93457
1198,0.937793
1196,0.939941
1200,0.939941
1204,0.939941
1207,0.941016
1207,0.945313
1208,0.936719
1211,0.924902
1212,0.920605
1208,0.922754
1211,0.928125
1212,0.931348
1217,0.932422
1216,0.939941
1220,0.943164
1222,0.944238
1226,0.950684
1226,0.944238
1226,0.932422
1226,0.939941
1229,0.94209
1231,0.945313
1231,0.949609
1234,0.97002
1246,0.951758
1237,0.947461
1239,0.952832
1245,0.953906
1245,0.950684
1243,0.958203
1253,0.957129
1247,0.95498
1250,0.953906
1250,0.952832
1251,0.953906
1253,0.956055
1258,0.956055
1253,0.956055
1258,0.956055
1258,0.944238
1256,0.930273
1257,0.929199
1255,0.922754
1257,0.92168
1254,0.920605
1259,0.933496
1257,0.936719
1263,0.936719
1258,0.945313
1260,0.947461
1262,0.944238
1265,0.951758
1263,0.950684
1266,0.947461
1267,0.943164
1265,0.932422
1263,0.933496
1264,0.931348
1266,0.932422
1265,0.927051
1264,0.928125
1266,0.951758
1267,0.910938
1266,0.908789
1267,0.910938
1265,0.907715
1265,0.909863
1265,0.905566
1264,0.900195
1266,0.898047
1264,0.898047
1266,0.896973
1264,0.888379
1264,0.887305
1265,0.887305
1263,0.88623
1264,0.88623
1266,0.887305
1264,0.881934
1264,0.879785
1263,0.883008
1264,0.875488
1264,0.869043
1260,0.871191
1261,0.871191
1261,0.859375
1261,0.855078
1261,0.85293
1260,0.84541
1258,0.836816
1260,0.837891
1260,0.835742
1258,0.829297
1258,0.828223
1257,0.831445
1256,0.831445
1255,0.838965
1255,0.837891
1257,0.831445
1255,0.823926
1254,0.827148
1254,0.826074
1254,0.828223
1254,0.826074
1253,0.819629
1252,0.807813
1252,0.805664
1251,0.793848
1252,0.791699
1250,0.794922
1250,0.795996
1251,0.793848
1249,0.789551
1251,0.786328
1247,0.790625
1249,0.792773
1248,0.793848
1246,0.788477
1246,0.786328
1248,0.786328
1246,0.78418
1245,0.789551
1246,0.790625
1245,0.777734
1245,0.772363
1243,0.775586
1243,0.77666
1243,0.772363
1242,0.77666
1244,0.779883
1242,0.778809
1241,0.77666
1243,0.78418
1242,0.774512
1239,0.76377
1239,0.759473
1238,0.75625
1239,0.750879
1241,0.754102
1237,0.753027
1237,0.75625
1238,0.754102
1237,0.747656
1237,0.742285
1234,0.741211
1237,0.737988
1235,0.733691
1235,0.72832
1233,0.725098
1233,0.724023
1234,0.722949
1233,0.720801
1233,0.719727
1233,0.720801
1232,0.714355
1230,0.712207
1230,0.708984
1230,0.706836
1230,0.705762
1228,0.702539
1228,0.699316
1228,0.693945
1227,0.696094
1226,0.69502
1226,0.693945
1227,0.692871
1223,0.690723
1226,0.689648
1223,0.688574
1224,0.689648
1223,0.689648
1224,0.688574
1221,0.6875
1222,0.6875
1221,0.6875
1222,0.686426
1221,0.685352
1221,0.684277
1218,0.684277
1220,0.682129
1218,0.678906
1219,0.67998
1217,0.678906
1217,0.678906
1217,0.678906
1216,0.676758
1215,0.675684
1215,0.673535
1215,0.675684
1213,0.673535
1214,0.673535
1212,0.673535
1213,0.669238
1212,0.671387
1212,0.671387
1211,0.670313
1212,0.66709
1210,0.668164
1210,0.661719
1208,0.668164
1210,0.664941
1208,0.66709
1209,0.666016
1208,0.663867
1209,0.663867
1210,0.664941
1209,0.663867
1206,0.661719
1208,0.662793
1204,0.661719
1207,0.660645
1207,0.660645
1204,0.656348
1204,0.65957
1205,0.657422
1202,0.656348
1202,0.658496
1203,0.655273
1201,0.656348
1201,0.656348
1201,0.655273
1201,0.655273
1201,0.654199
1200,0.654199
1200,0.650977
1199,0.653125
1196,0.650977
1200,0.648828
1196,0.647754
1199,0.661719
1195,0.645605
1198,0.649902
1195,0.64668
1197,0.648828
1195,0.648828
1196,0.647754
1193,0.64668
1194,0.64668
1194,0.64668
1194,0.645605
1192,0.64668
1192,0.642383
1192,0.645605
1191,0.644531
1191,0.642383
1190,0.642383
1191,0.640234
1188,0.642383
1190,0.641309
1187,0.641309
1189,0.63916
1188,0.63916
1188,0.63916
1187,0.640234
1188,0.638086
1185,0.63916
1188,0.63916
1184,0.637012
1186,0.638086
1185,0.63916
1185,0.635938
1184,0.637012
1182,0.637012
1184,0.635938
1184,0.634863
1182,0.635938
1182,0.634863
1183,0.633789
1180,0.633789
1181,0.632715
1181,0.632715
1181,0.632715
1178,0.634863
1183,0.632715
1179,0.632715
1179,0.631641
1177,0.630566
1179,0.630566
1178,0.627344
1178,0.630566
1175,0.628418
1176,0.629492
1177,0.629492
1176,0.631641
1174,0.628418
1173,0.629492
1175,0.627344
1174,0.627344
1174,0.627344
1172,0.627344
1176,0.62627
1172,0.625195
1173,0.624121
1170,0.62627
1173,0.625195
1170,0.62627
1169,0.62627
1169,0.624121
1171,0.624121
1170,0.625195
1168,0.621973
1168,0.625195
1167,0.621973
1169,0.623047
1165,0.623047
1169,0.601563
1165,0.623047
1168,0.621973
1163,0.621973
1167,0.619824
1165,0.619824
1165,0.619824
1162,0.616602
1165,0.61875
1162,0.61875
1163,0.619824
1162,0.619824
1163,0.619824
1162,0.61875
1160,0.617676
1164,0.61875
1159,0.61875
1162,0.616602
1158,0.617676
1161,0.616602
1158,0.617676
1159,0.616602
1158,0.617676
1158,0.616602
1157,0.615527
1156,0.615527
1158,0.614453
1155,0.614453
1157,0.612305
1156,0.614453
1157,0.614453
1152,0.612305
1159,0.613379
1152,0.613379
1153,0.613379
1153,0.613379
1153,0.612305
1151,0.612305
1151,0.612305
1153,0.589746
1150,0.612305
1152,0.612305
1150,0.61123
1152,0.61123
1148,0.610156
1151,0.610156
1147,0.610156
1150,0.610156
1147,0.610156
1148,0.610156
1147,0.61123
1148,0.609082
1147,0.610156
1145,0.608008
1149,0.608008
1145,0.609082
1147,0.610156
1144,0.608008
1144,0.606934
1144,0.605859
1147,0.606934
1142,0.606934
1144,0.605859
1142,0.606934
1143,0.604785
1141,0.605859
1142,0.606934
1139,0.605859
1143,0.604785
1137,0.604785
1140,0.604785
1139,0.605859
1137,0.604785
1140,0.604785
1138,0.604785
1138,0.602637
1138,0.603711
1138,0.603711
1134,0.601563
1138,0.602637
1133,0.603711
1139,0.603711
1134,0.600488
1134,0.602637
1135,0.602637
1135,0.601563
1134,0.601563
1133,0.602637
1134,0.602637
1131,0.601563
1134,0.602637
1129,0.603711
1133,0.601563
1130,0.600488
1130,0.601563
1131,0.600488
1128,0.600488
1132,0.600488
1128,0.596191
1130,0.600488
1127,0.59834
1128,0.599414
1126,0.599414
1128,0.599414
1125,0.59834
1127,0.597266
1126,0.59834
1126,0.600488
1128,0.599414
1122,0.59834
1127,0.599414
1121,0.59834
1125,0.597266
1123,0.599414
1122,0.599414
1124,0.597266
1121,0.59834
1124,0.597266
1121,0.596191
1122,0.597266
1120,0.596191
1120,0.597266
1119,0.596191
1120,0.595117
1118,0.596191
1120,0.596191
1119,0.597266
1119,0.596191
1119,0.596191
1117,0.597266
1118,0.596191
1114,0.597266
1118,0.595117
1114,0.595117
1116,0.596191
1115,0.594043
1115,0.595117
1116,0.596191
1113,0.592969
1115,0.595117
1110,0.595117
1115,0.595117
1110,0.595117
1114,0.596191
1112,0.597266
1111,0.597266
1114,0.599414
1109,0.599414
1112,0.599414
1107,0.600488
1111,0.604785
1108,0.603711
1109,0.603711
1109,0.603711
1108,0.604785
1110,0.603711
1105,0.604785
1109,0.606934
1104,0.605859
1108,0.605859
1103,0.606934
1107,0.606934
1106,0.606934
1105,0.606934
1106,0.606934
1102,0.606934
1106,0.608008
1102,0.608008
1103,0.606934
1102,0.608008
1102,0.605859
1103,0.608008
1102,0.605859
1102,0.606934
1100,0.605859
1100,0.605859
1100,0.604785
1099,0.605859
1100,0.604785
1098,0.605859
1102,0.603711
1096,0.604785
1100,0.602637
1094,0.604785
1100,0.604785
1094,0.603711
1099,0.604785
1096,0.604785
1096,0.603711
1097,0.602637
1094,0.604785
1094,0.602637
1094,0.603711
1094,0.603711
1094,0.603711
1093,0.602637
1095,0.602637
1091,0.602637
1096,0.609082
1088,0.600488
1094,0.602637
1088,0.603711
1092,0.603711
1091,0.602637
1090,0.601563
1092,0.602637
1088,0.604785
1089,0.603711
1088,0.602637
1087,0.603711
1089,0.602637
1087,0.602637
1089,0.602637
1085,0.601563
1088,0.603711
1088,0.601563
1083,0.601563
1086,0.601563
1086,0.601563
1083,0.602637
1086,0.602637
1081,0.599414
1085,0.600488
1080,0.601563
1084,0.600488
1082,0.601563
1082,0.601563
1083,0.602637
1079,0.602637
1082,0.602637
1078,0.601563
1080,0.600488
1081,0.597266
1079,0.600488
1080,0.601563
1078,0.601563
1078,0.602637
1077,0.602637
1077,0.600488
1078,0.571484
1076,0.602637
1079,0.600488
1076,0.603711
1075,0.603711
1076,0.602637
1074,0.601563
1075,0.603711
1074,0.602637
1077,0.602637
1072,0.603711
1073,0.603711
1072,0.603711
1072,0.600488
1073,0.602637
1072,0.602637
1074,0.603711
1070,0.601563
1071,0.601563
1069,0.601563
1071,0.601563
1070,0.603711
1069,0.602637
1072,0.602637
1067,0.602637
1070,0.603711
1067,0.602637
1067,0.601563
1068,0.602637
1066,0.603711
1069,0.603711
1065,0.603711
1065,0.603711
1066,0.603711
1065,0.603711
1065,0.602637
1065,0.604785
1065,0.603711
1063,0.603711
1063,0.603711
1062,0.604785
1064,0.603711
1062,0.604785
1063,0.603711
1063,0.604785
1059,0.605859
1063,0.605859
1058,0.604785
1062,0.606934
1060,0.604785
1060,0.605859
1061,0.606934
1061,0.604785
1056,0.603711
1059,0.604785
1059,0.604785
1056,0.604785
1059,0.606934
1054,0.606934
1056,0.605859
1056,0.606934
1055,0.606934
1057,0.606934
1054,0.605859
1054,0.606934
1054,0.608008
1053,0.608008
1054,0.608008
1053,0.605859
1054,0.606934
1051,0.606934
1053,0.608008
1049,0.608008
1052,0.608008
1053,0.609082
1049,0.609082
1052,0.610156
1048,0.610156
1050,0.610156
1049,0.61123
1049,0.612305
1050,0.613379
1047,0.61123
1048,0.61123
1045,0.61123
1048,0.613379
1047,0.613379
1047,0.614453
1048,0.613379
1043,0.61123
1046,0.612305
1044,0.612305
1044,0.620898
1047,0.61123
1043,0.61123
1043,0.613379
1042,0.612305
1043,0.613379
1044,0.612305
1043,0.612305
1043,0.613379
1039,0.61123
1042,0.614453
1040,0.61123
1040,0.612305
1043,0.615527
1039,0.614453
1039,0.613379
1039,0.614453
1039,0.613379
1039,0.613379
1039,0.617676
1039,0.612305
1034,0.614453
1038,0.612305
1036,0.612305
1036,0.613379
1038,0.615527
1035,0.615527
1035,0.614453
1034,0.615527
1036,0.614453
1035,0.616602
1033,0.613379
1035,0.614453
1033,0.615527
1032,0.612305
1033,0.614453
1033,0.614453
1029,0.613379
1033,0.614453
1029,0.614453
1031,0.605859
1032,0.615527
1029,0.616602
1029,0.612305
1028,0.613379
1031,0.614453
1029,0.614453
1029,0.614453
1029,0.615527
1025,0.615527
1027,0.615527
1027,0.616602
1029,0.616602
1026,0.613379
1024,0.613379
1028,0.613379
1023,0.613379
1025,0.612305
1027,0.612305
1023,0.614453
1024,0.612305
1021,0.614453
1024,0.613379
1024,0.614453
1022,0.614453
1022,0.614453
1021,0.615527
1021,0.613379
1021,0.614453
1021,0.615527
1022,0.614453
1018,0.613379
1019,0.615527
1021,0.614453
1020,0.614453
1020,0.613379
1015,0.614453
1020,0.612305
1017,0.613379
1018,0.61123
1018,0.615527
1016,0.613379
1017,0.614453
1014,0.614453
1016,0.615527
1018,0.613379
1014,0.615527
1015,0.615527
1012,0.613379
1015,0.615527
1017,0.615527
1012,0.612305
1013,0.615527
1012,0.614453
1012,0.615527
1013,0.614453
1011,0.614453
1013,0.614453
1009,0.614453
1010,0.612305
1011,0.613379
1010,0.612305
1011,0.613379
1008,0.583301
1008,0.614453
1009,0.613379
1011,0.615527
1010,0.614453
1005,0.613379
1007,0.615527
1007,0.614453
1008,0.613379
1007,0.615527
1003,0.614453
1007,0.614453
1005,0.614453
1006,0.614453
1005,0.614453
1002,0.614453
1005,0.615527
1003,0.612305
1006,0.613379
1004,0.613379
1000,0.614453
1003,0.615527
1002,0.612305
1002,0.615527
1002,0.616602
999,0.615527
1002,0.616602
999,0.614453
1001,0.613379
1001,0.616602
997,0.616602
1000,0.614453
998,0.619824
999,0.614453
999,0.614453
996,0.614453
998,0.615527
996,0.614453
998,0.615527
998,0.616602
993,0.613379
997,0.614453
995,0.613379
996,0.615527
996,0.615527
991,0.616602
995,0.614453
993,0.616602
997,0.614453
994,0.614453
991,0.614453
992,0.614453
992,0.614453
993,0.615527
993,0.616602
989,0.614453
990,0.614453
992,0.614453
990,0.615527
991,0.615527
989,0.615527
988,0.616602
990,0.614453
988,0.616602
990,0.616602
986,0.616602
988,0.616602
989,0.61875
986,0.615527
987,0.616602
985,0.615527
986,0.615527
988,0.616602
985,0.617676
985,0.614453
982,0.616602
985,0.615527
986,0.616602
982,0.616602
986,0.617676
981,0.615527
983,0.617676
984,0.615527
980,0.617676
982,0.616602
981,0.615527
982,0.613379
982,0.619824
978,0.616602
980,0.615527
980,0.616602
980,0.617676
981,0.615527
977,0.616602
979,0.616602
979,0.617676
978,0.615527
977,0.616602
975,0.616602
979,0.617676
978,0.617676
976,0.617676
976,0.617676
974,0.61875
976,0.617676
976,0.617676
974,0.616602
974,0.615527
974,0.617676
976,0.61875
974,0.616602
972,0.61875
973,0.617676
973,0.615527
972,0.616602
972,0.633789
969,0.617676
972,0.619824
973,0.617676
970,0.61875
970,0.617676
968,0.619824
971,0.61875
971,0.617676
966,0.616602
969,0.61875
969,0.617676
968,0.617676
969,0.617676
966,0.61875
966,0.616602
968,0.619824
967,0.617676
966,0.617676
964,0.615527
966,0.616602
967,0.617676
963,0.61875
965,0.61875
964,0.61875
964,0.619824
965,0.620898
962,0.619824
963,0.619824
963,0.617676
962,0.619824
962,0.61875
960,0.620898
962,0.61875
963,0.61875
960,0.619824
961,0.617676
959,0.61875
962,0.619824
960,0.61875
957,0.619824
959,0.617676
959,0.61875
958,0.61875
958,0.619824
955,0.61875
958,0.61875
959,0.621973
957,0.61875
955,0.621973
957,0.617676
956,0.619824
953,0.619824
955,0.617676
956,0.61875
953,0.61875
954,0.619824
952,0.61875
953,0.620898
955,0.620898
950,0.621973
952,0.620898
952,0.620898
952,0.619824
951,0.619824
949,0.621973
952,0.621973
952,0.620898
948,0.619824
950,0.620898
949,0.638086
950,0.61875
949,0.61875
947,0.619824
948,0.61875
950,0.619824
946,0.619824
949,0.620898
945,0.61875
948,0.623047
947,0.619824
944,0.621973
945,0.619824
947,0.621973
946,0.620898
945,0.623047
943,0.619824
945,0.620898
946,0.620898
941,0.621973
943,0.621973
944,0.623047
942,0.621973
942,0.620898
940,0.620898
942,0.623047
944,0.61875
938,0.623047
942,0.620898
941,0.621973
940,0.620898
940,0.620898
937,0.621973
940,0.623047
941,0.614453
936,0.621973
938,0.623047
939,0.623047
938,0.623047
937,0.623047
935,0.623047
937,0.620898
938,0.621973
934,0.621973
936,0.61875
936,0.623047
935,0.623047
935,0.620898
933,0.617676
934,0.625195
936,0.619824
931,0.624121
934,0.624121
933,0.623047
933,0.621973
933,0.623047
930,0.625195
933,0.623047
933,0.623047
928,0.623047
931,0.620898
932,0.616602
930,0.621973
930,0.624121
928,0.621973
930,0.620898
931,0.621973
927,0.624121
928,0.624121
929,0.623047
927,0.624121
928,0.623047
926,0.623047
927,0.62627
927,0.623047
924,0.621973
926,0.620898
927,0.624121
924,0.620898
925,0.628418
924,0.623047
925,0.623047
925,0.623047
921,0.62627
925,0.621973
925,0.624121
922,0.62627
922,0.624121
923,0.625195
922,0.62627
923,0.623047
920,0.623047
922,0.623047
922,0.62627
918,0.625195
920,0.627344
921,0.624121
918,0.62627
919,0.621973
919,0.624121
919,0.621973
918,0.62627
917,0.623047
918,0.62627
920,0.624121
915,0.625195
916,0.623047
918,0.627344
916,0.625195
916,0.625195
915,0.625195
916,0.627344
915,0.621973
913,0.625195
915,0.625195
915,0.624121
912,0.620898
915,0.625195
914,0.624121
913,0.621973
913,0.62627
911,0.625195
913,0.624121
912,0.628418
910,0.627344
911,0.625195
913,0.62627
909,0.628418
910,0.625195
911,0.62627
910,0.625195
907,0.627344
910,0.629492
909,0.625195
906,0.629492
908,0.62627
909,0
905,0.623047
907,0.62627
907,0.624121
907,0.62627
907,0.627344
904,0.628418
907,0.630566
905,0.628418
903,0.627344
905,0.624121
907,0.62627
902,0.630566
903,0.625195
905,0.630566
903,0.630566
903,0.627344
901,0.62627
904,0.630566
901,0.625195
900,0.627344
902,0.628418
903,0.629492
899,0.623047
900,0.627344
902,0.627344
898,0.62627
899,0.624121
900,0.629492
899,0.625195
899,0.629492
897,0.628418
899,0.630566
899,0.62627
895,0.630566
897,0.62627
898,0.62627
896,0.628418
898,0.625195
895,0.628418
895,0.62627
894,0.629492
895,0.624121
895,0.635938
892,0.630566
895,0.630566
895,0.62627
891,0.630566
894,0.625195
894,0.633789
890,0.62627
894,0.630566
893,0.629492
891,0.630566
891,0.625195
890,0.631641
891,0.62627
890,0.629492
889,0.628418
891,0.630566
890,0.625195
887,0.632715
889,0.628418
890,0.62627
887,0.62627
888,0.635938
889,0.628418
886,0.628418
887,0.630566
886,0.631641
887,0.62627
887,0.633789
885,0.630566
886,0.627344
885,0.627344
883,0.631641
886,0.624121
886,0.628418
883,0.627344
883,0.630566
885,0.625195
881,0.630566
883,0.628418
884,0.62627
883,0.628418
881,0.630566
881,0.628418
883,0.632715
881,0.629492
880,0.630566
882,0.629492
880,0.633789
877,0.629492
881,0.630566
882,0.628418
877,0.631641
878,0.627344
881,0.632715
877,0.630566
878,0.630566
880,0.628418
876,0.634863
876,0.633789
877,0.631641
878,0.630566
878,0.635938
875,0.630566
876,0.634863
875,0.634863
874,0.632715
877,0.631641
875,0.637012
872,0.632715
875,0.631641
876,0.631641
874,0.638086
872,0.629492
874,0.632715
871,0.633789
872,0.633789
874,0.628418
870,0.635938
872,0.631641
872,0.632715
871,0.631641
872,0.642383
868,0.631641
871,0.635938
870,0.632715
868,0.634863
870,0.631641
868,0.634863
868,0.638086
870,0.632715
869,0.630566
865,0.633789
868,0.632715
869,0.631641
865,0.630566
866,0.635938
867,0.631641
865,0.637012
866,0.633789
867,0.632715
863,0.632715
864,0.635938
868,0.635938
864,0.637012
863,0.631641
863,0.634863
865,0.631641
863,0.634863
861,0.631641
863,0.63916
863,0.638086
861,0.634863
862,0.630566
861,0.638086
859,0.632715
863,0.632715
861,0.633789
857,0.634863
861,0.631641
862,0.635938
857,0.634863
858,0.635938
861,0.632715
858,0.638086
857,0.637012
859,0.634863
857,0.633789
857,0.635938
858,0.629492
855,0.634863
857,0.631641
858,0.633789
854,0.629492
855,0.635938
858,0.630566
855,0.632715
854,0.631641
854,0.633789
855,0.632715
854,0.634863
852,0.632715
854,0.632715
854,0.632715
852,0.633789
852,0.632715
853,0.633789
852,0.634863
851,0.632715
850,0.632715
852,0.632715
850,0.633789
849,0.630566
852,0.63916
849,0.632715
848,0.638086
850,0.632715
850,0.637012
846,0.630566
849,0.635938
850,0.633789
845,0.635938
848,0.638086
850,0.637012
845,0.633789
845,0.634863
849,0.630566
845,0.63916
845,0.632715
848,0.63916
844,0.631641
844,0.637012
846,0.630566
843,0.631641
844,0.635938
845,0.634863
842,0.642383
843,0.63916
844,0.632715
841,0.635938
843,0.637012
844,0.641309
839,0.628418
842,0.637012
843,0.632715
839,0.635938
841,0.632715
842,0.642383
838,0.633789
840,0.633789
841,0.632715
839,0.63916
838,0.631641
841,0.634863
838,0.641309
838,0.637012
839,0.637012
837,0.640234
837,0.637012
838,0.631641
837,0.633789
835,0.642383
837,0.634863
836,0.634863
835,0.635938
837,0.640234
835,0.631641
833,0.633789
836,0.633789
835,0.634863
833,0.633789
835,0.638086
834,0.650977
831,0.633789
835,0.632715
832,0.637012
831,0.632715
834,0.634863
832,0.638086
830,0.635938
832,0.633789
831,0.63916
830,0.634863
832,0.638086
830,0.634863
829,0.635938
831,0.631641
830,0.633789
828,0.635938
831,0.635938
827,0.632715
827,0.633789
831,0.635938
826,0.635938
827,0.633789
829,0.637012
825,0.633789
826,0.635938
829,0.633789
824,0.640234
826,0.634863
827,0.643457
823,0.633789
826,0.637012
826,0.631641
823,0.634863
824,0.638086
826,0.634863
821,0.641309
824,0.635938
824,0.632715
822,0.634863
823,0.634863
823,0.640234
821,0.633789
821,0.635938
824,0.632715
820,0.637012
820,0.631641
823,0.635938
819,0.638086
819,0.635938
823,0.631641
818,0.638086
819,0.633789
821,0.637012
816,0.634863
820,0.638086
819,0.637012
816,0.635938
819,0.629492
817,0.635938
816,0.632715
819,0.640234
816,0.637012
815,0.640234
817,0.630566
815,0.638086
816,0.633789
815,0.634863
816,0.633789
814,0.640234
814,0.635938
815,0.633789
813,0.634863
814,0.638086
813,0.631641
813,0.638086
814,0.637012
811,0.635938
813,0.628418
813,0.63916
810,0.635938
814,0.638086
809,0.631641
812,0.644531
813,0.635938
808,0.631641
811,0.721875
810,0.641309
809,0.635938
811,0.63916
808,0.635938
808,0.630566
812,0.644531
805,0.637012
808,0.635938
809,0.631641
806,0.63916
808,0.634863
807,0.632715
806,0.641309
808,0.643457
805,0.630566
805,0.634863
807,0.642383
806,0.638086
803,0.629492
806,0.637012
804,0.63916
803,0.634863
805,0.633789
801,0.64668
806,0.637012
801,0.632715
802,0.633789
806,0.642383
799,0.632715
803,0.63916
803,0.632715
800,0.642383
800,0.630566
804,0.638086
799,0.647754
800,0.640234
802,0.632715
797,0.63916
802,0.638086
798,0.635938
799,0.638086
799,0.640234
800,0.637012
798,0.633789
798,0.628418
798,0.652051
796,0.633789
799,0.637012
795,0.632715
800,0.642383
794,0.632715
796,0.635938
799,0.685352
793,0.641309
795,0.631641
797,0.63916
794,0.638086
793,0.640234
797,0.632715
791,0.641309
796,0.63916
793,0.632715
793,0.634863
796,0.645605
792,0.631641
792,0.634863
793,0.635938
791,0.649902
791,0.633789
793,0.637012
789,0.637012
793,0.642383
788,0.630566
791,0.63916
793,0.641309
789,0.637012
788,0.632715
792,0.641309
786,0.638086
790,0.631641
789,0.632715
787,0.649902
789,0.635938
787,0.634863
787,0.635938
789,0.643457
786,0.632715
787,0.637012
786,0.778809
785,0.640234
788,0.631641
784,0.638086
786,0.645605
786,0.63916
784,0.634863
784,0.643457
786,0.637012
781,0.638086
786,0.633789
783,0.641309
783,0.637012
783,0.633789
783,0.640234
781,0.64668
784,0.637012
780,0.63916
784,0.638086
779,0.64668
781,0.631641
783,0.655273
779,0.63916
779,0.64668
783,0.637012
777,0.647754
781,0.645605
779,0.643457
779,0.634863
779,0.642383
779,0.642383
777,0.63916
780,0.638086
776,0.640234
780,0.641309
776,0.647754
777,0.637012
778,0.650977
775,0.640234
777,0.640234
777,0.637012
774,0.648828
777,0.643457
775,0.642383
774,0.642383
776,0.643457
774,0.644531
775,0.637012
773,0.641309
774,0.935645
775,0.635938
772,0.643457
772,0.642383
775,0.642383
769,0.634863
774,0.650977
771,0.640234
772,0.640234
772,0.632715
771,0.647754
771,0.678906
770,0.645605
769,0.633789
772,0.64668
769,0.644531
768,0.63916
766,0.644531
770,0.643457
768,0.633789
768,0.645605
768,0.624121
767,0.638086
768,0.637012
767,0.641309
766,0.647754
768,0.635938
766,0.644531
764,0.641309
769,0.64668
762,0.629492
767,0.654199
766,0.807813
764,0.640234
766,0.631641
763,0.64668
766,0.652051
761,0.638086
764,0.635938
765,0.644531
762,0.63916
762,0.635938
765,0.644531
760,0.660645
763,0.638086
762,0.635938
760,0.648828
764,0.647754
758,0.637012
764,0.634863
758,0.645605
761,0.648828
762,0.633789
757,0.637012
761,0.648828
758,0.643457
759,0.632715
759,0.643457
758,0.643457
759,0.641309
756,0.634863
758,0.643457
758,0.645605
756,0.638086
757,0.629492
757,0.658496
756,0.645605
756,0.640234
756,0.633789
756,0.660645
755,0.642383
754,0.640234
757,0.632715
753,0.655273
753,0.638086
756,0.642383
753,0.690723
754,0.648828
754,0.637012
752,0.63916
754,0.655273
751,0.648828
755,0.638086
750,0.63916
751,0.654199
754,0.64668
748,0.638086
752,0.63916
753,0.648828
749,0.642383
751,0.638086
748,0.786328
752,0.65957
748,0.643457
748,0.637012
752,0.653125
746,0.64668
750,0.641309
749,0.635938
746,0.653125
748,0.643457
746,0.649902
750,0.859375
746,0.645605
746,0.638086
748,0.63916
745,0.63916
