423,0.632715
424,0.597266
428,0.575781
425,0.587598
429,0.61123
429,0.614453
428,0.606934
431,0.57041
432,0.586523
432,0.605859
436,0.617676
434,0.608008
435,0.586523
437,0.571484
439,0.588672
438,0.608008
439,0.624121
442,0.597266
439,0.571484
445,0.574707
444,0.589746
443,0.600488
447,0.632715
444,0.587598
449,0.562891
449,0.556445
450,0.59082
450,0.594043
452,0.615527
452,0.526367
454,0.575781
457,0.566113
454,0.583301
460,0.594043
456,0.603711
462,0.620898
461,0.634863
461,0.575781
465,0.559668
465,0.571484
462,0.580078
469,0.589746
468,0.613379
468,0.625195
471,0.613379
470,0.565039
473,0.55752
476,0.563965
473,0.586523
479,0.580078
477,0.587598
480,0.601563
481,0.625195
483,0.637012
484,0.612305
486,0.515625
485,0.560742
489,0.566113
488,0.579004
491,0.574707
492,0.579004
489,0.603711
498,0.597266
494,0.592969
497,0.599414
499,0.604785
496,0.637012
504,0.597266
501,0.604785
503,0.589746
506,0.596191
504,0.617676
509,0.569336
507,0.569336
508,0.583301
512,0.584375
509,0.585449
515,0.57793
513,0.597266
515,0.584375
517,0.59834
516,0.585449
520,0.585449
519,0.59082
523,0.587598
520,0.595117
525,0.595117
527,0.592969
523,0.595117
528,0.595117
528,0.59834
529,0.595117
532,0.594043
532,0.594043
532,0.599414
533,0.600488
537,0.59834
535,0.597266
538,0.595117
539,0.599414
541,0.596191
541,0.600488
540,0.59082
545,0.588672
542,0.613379
547,0.597266
546,0.591895
548,0.588672
549,0.600488
547,0.596191
553,0.589746
551,0.59082
555,0.587598
553,0.683203
557,0.624121
558,0.603711
559,0.602637
560,0.596191
560,0.59834
563,0.59834
562,0.59834
566,0.599414
564,0.597266
568,0.600488
567,0.592969
570,0.601563
571,0.588672
572,0.589746
575,0.59082
574,0.62627
577,0.601563
575,0.599414
582,0.602637
580,0.603711
582,0.606934
580,0.609082
585,0.619824
584,0.596191
586,0.597266
589,0.712207
591,0.608008
592,0.603711
592,0.605859
593,0.609082
594,0.61123
598,0.606934
597,0.602637
601,0.605859
599,0.619824
605,0.613379
602,0.619824
607,0.616602
605,0.604785
612,0.61123
607,0.615527
611,0.623047
610,0.625195
615,0.625195
613,0.633789
616,0.62627
615,0.620898
620,0.630566
619,0.625195
620,0.630566
620,0.628418
623,0.628418
623,0.628418
625,0.638086
625,0.635938
628,0.638086
629,0.638086
630,0.637012
629,0.637012
635,0.640234
632,0.640234
636,0.63916
634,0.643457
639,0.638086
638,0.642383
641,0.647754
640,0.643457
644,0.644531
642,0
647,0.645605
644,0.648828
651,0.649902
647,0.645605
652,0.650977
651,0.645605
656,0.650977
652,0.648828
655,0.652051
656,0.650977
657,0.656348
657,0.652051
658,0.660645
660,0.656348
662,0.655273
662,0.661719
661,0.655273
665,0.65957
663,0.658496
667,0.666016
663,0.661719
668,0.65957
666,0.658496
669,0.669238
669,0.661719
672,0.661719
671,0.663867
671,0.66709
673,0.662793
674,0.663867
677,0.664941
673,0.671387
679,0.66709
675,0.666016
678,0.668164
676,0.664941
682,0.669238
679,0.668164
680,0.66709
681,0.672461
682,0.670313
682,0.668164
682,0.675684
686,0.675684
683,0.672461
686,0.674609
684,0.675684
689,0.66709
687,0.675684
688,0.675684
687,0.673535
691,0.675684
692,0.678906
689,0.677832
694,0.703613
689,0.677832
694,0.677832
692,0.682129
696,0.677832
694,0.677832
694,0.681055
700,0.67998
696,0.675684
699,0.67998
694,0.681055
701,0.677832
698,0.67998
700,0.682129
700,0.67998
702,0.678906
703,0.683203
703,0.682129
705,0.682129
702,0.682129
706,0.686426
704,0.681055
707,0.682129
707,0.678906
708,0.676758
710,0.678906
710,0.65957
712,0.671387
711,0.671387
713,0.689648
714,0.666016
714,0.664941
720,0.658496
715,0.663867
720,0.668164
719,0.664941
721,0.65957
722,0.660645
722,0.65957
726,0.654199
723,0.658496
727,0.654199
725,0.652051
727,0.656348
731,0.650977
727,0.649902
733,0.657422
731,0.645605
732,0.64668
734,0.647754
735,0.642383
737,0.647754
735,0.643457
741,0.645605
737,0.677832
740,0.641309
743,0.641309
747,0.638086
745,0.633789
746,0.63916
749,0.640234
746,0.637012
753,0.635938
749,0.601563
750,0.633789
755,0.634863
752,0.633789
756,0.632715
757,0.634863
757,0.628418
759,0.632715
758,0.629492
763,0.630566
760,0.629492
762,0.629492
767,0.647754
765,0.625195
768,0.627344
769,0.624121
771,0.627344
774,0.625195
773,0.628418
774,0.627344
777,0.625195
774,0.624121
781,0.623047
779,0.615527
783,0.61875
786,0.621973
786,0.620898
786,0.624121
791,0.620898
790,0.625195
795,0.623047
793,0.625195
796,0.621973
799,0.62627
800,0.624121
803,0.627344
805,0.623047
806,0.621973
808,0.628418
814,0.632715
812,0.631641
816,0.631641
820,0.631641
818,0.630566
826,0.633789
827,0.633789
826,0.638086
835,0.635938
836,0.637012
834,0.637012
842,0.634863
841,0.62627
843,0.637012
848,0.638086
850,0.63916
851,0.637012
860,0.641309
859,0.641309
861,0.640234
864,0.275
869,0.643457
869,0.644531
873,0.647754
874,0.647754
878,0.648828
879,0.652051
885,0.650977
891,0.653125
888,0.699316
889,0.656348
897,0.655273
899,0.65957
899,0.658496
909,0.658496
907,0.65957
910,0.674609
913,0.66709
916,0.662793
923,0.669238
921,0.664941
924,0.672461
930,0.672461
929,0.676758
936,0.682129
940,0.684277
943,0.686426
945,0.686426
947,0.692871
951,0.697168
954,0.701465
953,0.703613
961,0.701465
963,0.706836
965,0.711133
969,0.703613
970,0.713281
973,0.718652
980,0.718652
986,0.721875
983,0.724023
989,0.726172
989,0.72832
993,0.671387
996,0.731543
997,0.732617
1005,0.73584
1002,0.73584
1010,0.739063
1012,0.741211
1016,0.743359
1018,0.749805
1020,0.749805
1024,0.751953
1028,0.75625
1030,0.757324
1034,0.758398
1036,0.760547
1042,0.75625
1039,0.74873
1049,0.769141
1051,0.771289
1054,0.772363
1053,0.77666
1054,0.769141
1065,0.76377
1063,0.751953
1069,0.780957
1070,0.78418
1072,0.786328
1074,0.788477
1080,0.788477
1082,0.789551
1088,0.790625
1093,0.790625
1093,0.789551
1094,0.789551
1099,0.793848
1101,0.799219
1107,0.798145
1106,0.79707
1112,0.782031
1116,0.805664
1118,0.805664
1124,0.807813
1126,0.805664
1125,0.808887
1125,0.814258
1135,0.81748
1135,0.818555
1140,0.818555
1143,0.846484
1144,0.813184
1146,0.820703
1152,0.827148
1153,0.841113
1153,0.828223
1161,0.829297
1163,0.828223
1164,0.833594
1169,0.825
1175,0.835742
1168,0.837891
1175,0.840039
1179,0.84541
1184,0.849707
1185,0.847559
1187,0.844336
1191,0.855078
1192,0.858301
1198,0.860449
1197,0.859375
1198,0.864746
1200,0.86582
1207,0.86582
1209,0.862598
1206,0.870117
1209,0.859375
1211,0.867969
1215,0.870117
1217,0.879785
1219,0.878711
1223,0.880859
1222,0.880859
1225,0.88623
1227,0.887305
1230,0.884082
1228,0.89375
1239,0.890527
1233,0.885156
1238,0.891602
1241,0.890527
1243,0.894824
1249,0.890527
1247,0.898047
1249,0.903418
1250,0.906641
1252,0.907715
1251,0.908789
1259,0.906641
1255,0.906641
1258,0.902344
1259,0.904492
1264,0.904492
1260,0.907715
1273,0.891602
1265,0.866895
1269,0.855078
1265,0.85293
1268,0.837891
1265,0.826074
1267,0.841113
1263,0.836816
1266,0.827148
1265,0.822852
1267,0.813184
1264,0.811035
1269,0.821777
1267,0.818555
1268,0.811035
1267,0.813184
1271,0.805664
1266,0.79707
1270,0.794922
1270,0.801367
1273,0.808887
1270,0.823926
1271,0.819629
1272,0.800293
1270,0.798145
1271,0.805664
1269,0.77666
1270,0.780957
1271,0.780957
1273,0.769141
1272,0.773438
1270,0.770215
1272,0.76377
1272,0.769141
1268,0.765918
1269,0.76377
1271,0.766992
1272,0.75625
1266,0.74873
1268,0.74873
1265,0.75625
1272,0.754102
1265,0.741211
1267,0.743359
1264,0.740137
1266,0.722949
1264,0.725098
1265,0.685352
1264,0.710059
1266,0.699316
1261,0.701465
1262,0.698242
1263,0.69502
1261,0.688574
1260,0.681055
1262,0.683203
1260,0.681055
1261,0.67998
1257,0.676758
1259,0.673535
1257,0.668164
1258,0.662793
1257,0.664941
1254,0.664941
1255,0.660645
1253,0.661719
1256,0.65957
1252,0.656348
1253,0.655273
1251,0.654199
1253,0.653125
1250,0.650977
1252,0.648828
1248,0.647754
1251,0.64668
1252,0.645605
1250,0.644531
1247,0.643457
1249,0.642383
1247,0.643457
1248,0.648828
1246,0.641309
1249,0.638086
1245,0.635938
1247,0.637012
1245,0.634863
1245,0.630566
1242,0.628418
1244,0.629492
1242,0.629492
1244,0.630566
1240,0.629492
1243,0.627344
1239,0.627344
1241,0.621973
1239,0.623047
1240,0.625195
1239,0.625195
1239,0.623047
1237,0.619824
1238,0.623047
1237,0.620898
1238,0.620898
1234,0.619824
1238,0.616602
1234,0.61875
1236,0.61875
1233,0.616602
1234,0.614453
1233,0.615527
1234,0.614453
1232,0.613379
1234,0.612305
1231,0.613379
1233,0.612305
1230,0.610156
1231,0.614453
1229,0.610156
1232,0.608008
1229,0.609082
1230,0.606934
1230,0.606934
1229,0.606934
1227,0.604785
1228,0.605859
1228,0.604785
1225,0.604785
1225,0.603711
1227,0.602637
1226,0.603711
1227,0.599414
1225,0.604785
1224,0.600488
1224,0.600488
1222,0.600488
1227,0.600488
1221,0.599414
1223,0.599414
1221,0.59834
1221,0.59834
1221,0.59834
1219,0.596191
1220,0.597266
1218,0.595117
1219,0.59834
1217,0.594043
1218,0.595117
1216,0.594043
1218,0.594043
1216,0.594043
1217,0.591895
1215,0.592969
1215,0.59082
1215,0.591895
1214,0.591895
1215,0.589746
1213,0.59082
1213,0.589746
1213,0.59082
1211,0.59082
1212,0.589746
1212,0.588672
1211,0.589746
1209,0.587598
1209,0.588672
1210,0.588672
1209,0.586523
1210,0.586523
1208,0.589746
1210,0.586523
1208,0.586523
1207,0.586523
1207,0.584375
1207,0.583301
1207,0.584375
1207,0.585449
1206,0.583301
1206,0.584375
1203,0.584375
1205,0.584375
1203,0.583301
1203,0.583301
1204,0.583301
1203,0.583301
1202,0.582227
1201,0.579004
1201,0.579004
1201,0.581152
1202,0.581152
1200,0.580078
1200,0.576855
1198,0.580078
1198,0.580078
1198,0.579004
1199,0.57793
1199,0.576855
1197,0.576855
1197,0.57793
1198,0.57793
1196,0.579004
1196,0.576855
1196,0.576855
1195,0.574707
1194,0.57793
1194,0.576855
1193,0.576855
1195,0.568262
1191,0.575781
1194,0.574707
1190,0.574707
1192,0.573633
1192,0.572559
1192,0.574707
1190,0.573633
1191,0.573633
1189,0.573633
1192,0.575781
1189,0.573633
1188,0.572559
1188,0.572559
1188,0.571484
1187,0.571484
1187,0.571484
1185,0.57041
1187,0.569336
1186,0.569336
1185,0.568262
1183,0.568262
1184,0.568262
1183,0.568262
1184,0.569336
1182,0.568262
1183,0.568262
1181,0.567188
1182,0.567188
1181,0.567188
1181,0.566113
1182,0.566113
1180,0.566113
1182,0.567188
1180,0.567188
1179,0.566113
1178,0.566113
1180,0.566113
1179,0.566113
1177,0.566113
1177,0.566113
1178,0.566113
1177,0.563965
1175,0.566113
1175,0.565039
1175,0.567188
1175,0.563965
1175,0.563965
1173,0.561816
1174,0.562891
1175,0.563965
1174,0.563965
1172,0.563965
1172,0.565039
1172,0.562891
1172,0.562891
1169,0.562891
1171,0.560742
1170,0.561816
1169,0.561816
1170,0.561816
1168,0.561816
1170,0.559668
1168,0.561816
1167,0.558594
1168,0.559668
1168,0.560742
1168,0.562891
1166,0.559668
1166,0.55752
1165,0.558594
1164,0.559668
1164,0.560742
1165,0.559668
1164,0.558594
1163,0.55752
1163,0.558594
1165,0.559668
1162,0.559668
1163,0.55752
1162,0.556445
1162,0.556445
1160,0.55752
1161,0.558594
1159,0.556445
1159,0.55752
1160,0.55752
1158,0.556445
1157,0.555371
1159,0.555371
1158,0.556445
1157,0.554297
1156,0.555371
1159,0.558594
1155,0.554297
1155,0.555371
1156,0.555371
1154,0.555371
1153,0.553223
1155,0.553223
1154,0.555371
1152,0.553223
1152,0.552148
1154,0.553223
1151,0.553223
1152,0.553223
1153,0.552148
1150,0.546777
1151,0.552148
1150,0.552148
1149,0.553223
1149,0.552148
1149,0.552148
1148,0.553223
1148,0.552148
1148,0.553223
1148,0.553223
1148,0.552148
1147,0.551074
1147,0.552148
1145,0.548926
1147,0.551074
1144,0.551074
1144,0.548926
1145,0.55
1144,0.548926
1143,0.548926
1144,0.55
1143,0.547852
1143,0.55
1144,0.55
1142,0.551074
1142,0.548926
1141,0.547852
1142,0.55
1139,0.548926
1143,0.548926
1137,0.547852
1141,0.546777
1139,0.547852
1138,0.547852
1141,0.547852
1138,0.547852
1138,0.546777
1137,0.547852
1136,0.545703
1135,0.544629
1137,0.546777
1135,0.546777
1136,0.544629
1135,0.546777
1135,0.545703
1135,0.545703
1134,0.546777
1133,0.545703
1133,0.546777
1132,0.545703
1131,0.551074
1133,0.544629
1130,0.544629
1132,0.545703
1130,0.544629
1132,0.544629
1129,0.543555
1130,0.543555
1128,0.544629
1128,0.545703
1127,0.543555
1128,0.539258
1127,0.54248
1127,0.54248
1127,0.54248
1127,0.54248
1127,0.544629
1125,0.543555
1126,0.543555
1123,0.54248
1127,0.543555
1122,0.54248
1125,0.54248
1123,0.541406
1123,0.54248
1124,0.541406
1122,0.543555
1123,0.541406
1120,0.541406
1122,0.540332
1120,0.541406
1120,0.54248
1120,0.540332
1120,0.541406
1120,0.540332
1120,0.540332
1120,0.541406
1118,0.540332
1119,0.541406
1116,0.539258
1118,0.540332
1115,0.539258
1117,0.539258
1116,0.540332
1117,0.540332
1115,0.539258
1115,0.541406
1115,0.539258
1112,0.540332
1115,0.537109
1111,0.532813
1116,0.539258
1112,0.540332
1113,0.538184
1115,0.538184
1111,0.538184
1112,0.539258
1109,0.539258
1112,0.538184
1107,0.538184
1112,0.538184
1109,0.537109
1110,0.538184
1109,0.536035
1108,0.538184
1109,0.536035
1105,0.537109
1109,0.537109
1105,0.539258
1107,0.536035
1106,0.538184
1108,0.537109
1105,0.536035
1105,0.536035
1105,0.539258
1103,0.537109
1105,0.537109
1103,0.539258
1105,0.536035
1103,0.537109
1104,0.537109
1102,0.536035
1101,0.536035
1101,0.536035
1101,0.536035
1100,0.536035
1101,0.534961
1100,0.536035
1101,0.537109
1099,0.536035
1100,0.537109
1096,0.534961
1100,0.537109
1095,0.534961
1099,0.537109
1097,0.538184
1098,0.537109
1097,0.537109
1097,0.537109
1095,0.536035
1094,0.536035
1097,0.537109
1093,0.536035
1096,0.536035
1094,0.537109
1094,0.536035
1094,0.536035
1091,0.534961
1094,0.532813
1090,0.536035
1092,0.537109
1091,0.536035
1093,0.537109
1092,0.537109
1091,0.538184
1089,0.536035
1089,0.537109
1089,0.537109
1088,0.537109
1089,0.537109
1090,0.538184
1088,0.537109
1088,0.536035
1085,0.536035
1088,0.537109
1084,0.536035
1089,0.536035
1085,0.536035
1087,0.533887
1085,0.537109
1084,0.504883
1084,0.534961
1083,0.536035
1084,0.536035
1083,0.538184
1085,0.538184
1083,0.538184
1083,0.537109
1080,0.538184
1082,0.537109
1081,0.538184
1081,0.537109
1081,0.538184
1081,0.537109
1080,0.537109
1079,0.538184
1078,0.538184
1078,0.537109
1078,0.538184
1079,0.538184
1080,0.537109
1077,0.541406
1077,0.538184
1074,0.539258
1078,0.539258
1074,0.539258
1076,0.540332
1076,0.540332
1075,0.539258
1076,0.539258
1071,0.539258
1076,0.495215
1071,0.540332
1075,0.539258
1073,0.538184
1073,0.540332
1073,0.540332
1069,0.523145
1073,0.539258
1068,0.540332
1072,0.539258
1071,0.540332
1070,0.541406
1070,0.541406
1067,0.54248
1070,0.541406
1067,0.54248
1069,0.54248
1069,0.544629
1067,0.54248
1068,0.543555
1065,0.544629
1067,0.541406
1064,0.543555
1067,0.545703
1067,0.543555
1065,0.544629
1064,0.544629
1063,0.545703
1064,0.545703
1063,0.545703
1064,0.546777
1064,0.548926
1063,0.546777
1061,0.547852
1061,0.546777
1061,0.546777
1061,0.547852
1063,0.547852
1060,0.547852
1063,0.547852
1058,0.547852
1059,0.546777
1059,0.547852
1059,0.547852
1060,0.546777
1058,0.547852
1056,0.547852
1059,0.547852
1054,0.548926
1058,0.547852
1057,0.548926
1056,0.548926
1057,0.548926
1053,0.548926
1055,0.548926
1053,0.55
1056,0.55
1055,0.548926
1053,0.548926
1053,0.547852
1052,0.548926
1052,0.547852
1052,0.547852
1054,0.547852
1051,0.545703
1051,0.545703
1050,0.547852
1049,0.545703
1051,0.545703
1050,0.547852
1050,0.546777
1050,0.546777
1047,0.546777
1048,0.547852
1048,0.545703
1048,0.546777
1048,0.545703
1048,0.547852
1045,0.545703
1045,0.546777
1047,0.545703
1045,0.545703
1047,0.545703
1045,0.545703
1043,0.544629
1045,0.543555
1042,0.544629
1045,0.545703
1044,0.545703
1043,0.544629
1042,0.543555
1041,0.544629
1042,0.544629
1041,0.545703
1044,0.544629
1041,0.544629
1038,0.545703
1041,0.544629
1038,0.544629
1041,0.543555
1040,0.544629
1039,0.54248
1037,0.54248
1038,0.543555
1038,0.54248
1037,0.543555
1039,0.541406
1037,0.543555
1034,0.541406
1037,0.54248
1034,0.543555
1037,0.543555
1036,0.54248
1034,0.54248
1034,0.54248
1035,0.543555
1034,0.541406
1033,0.541406
1033,0.540332
1031,0.541406
1032,0.541406
1031,0.54248
1034,0.541406
1031,0.540332
1029,0.539258
1031,0.539258
1028,0.541406
1031,0.540332
1030,0.539258
1029,0.540332
1028,0.539258
1027,0.539258
1029,0.54248
1028,0.541406
1027,0.540332
1028,0.539258
1025,0.539258
1026,0.539258
1025,0.539258
1028,0.540332
1025,0.540332
1023,0.538184
1026,0.539258
1023,0.537109
1025,0.537109
1024,0.538184
1023,0.539258
1023,0.539258
1020,0.538184
1024,0.538184
1023,0.538184
1021,0.537109
1021,0.536035
1019,0.538184
1022,0.537109
1020,0.539258
1021,0.536035
1020,0.537109
1018,0.536035
1018,0.539258
1018,0.537109
1021,0.534961
1018,0.538184
1015,0.537109
1018,0.536035
1016,0.536035
1018,0.536035
1016,0.537109
1015,0.536035
1017,0.536035
1013,0.537109
1016,0.537109
1015,0.536035
1014,0.536035
1014,0.536035
1011,0.536035
1015,0.537109
1014,0.537109
1013,0.534961
1011,0.534961
1010,0.534961
1013,0.534961
1012,0.534961
1011,0.534961
1010,0.533887
1009,0.534961
1011,0.534961
1010,0.537109
1009,0.534961
1009,0.533887
1008,0.536035
1008,0.534961
1008,0.534961
1009,0.536035
1007,0.534961
1006,0.534961
1006,0.534961
1006,0.532813
1008,0.532813
1006,0.533887
1004,0.533887
1004,0.532813
1004,0.533887
1007,0.533887
1004,0.531738
1002,0.532813
1003,0.537109
1002,0.531738
1005,0.532813
1003,0.532813
1000,0.532813
1001,0.532813
1001,0.532813
1004,0.533887
1001,0.537109
998,0.532813
1000,0.531738
999,0.532813
1002,0.531738
999,0.532813
997,0.532813
998,0.531738
998,0.532813
1000,0.531738
997,0.531738
996,0.531738
996,0.531738
999,0.530664
996,0.530664
993,0.531738
995,0.531738
995,0.531738
996,0.531738
995,0.531738
992,0.530664
993,0.532813
993,0.531738
995,0.52959
992,0.530664
991,0.530664
992,0.531738
992,0.530664
992,0.528516
991,0.531738
989,0.52959
991,0.52959
991,0.530664
990,0.530664
988,0.52959
988,0.530664
990,0.530664
989,0.528516
988,0.52959
987,0.52959
985,0.52959
989,0.527441
988,0.52959
986,0.52959
986,0.52959
984,0.52959
987,0.528516
986,0.528516
983,0.52959
986,0.526367
982,0.528516
986,0.528516
984,0.527441
981,0.528516
983,0.52959
982,0.528516
985,0.528516
982,0.527441
980,0.528516
981,0.528516
980,0.52959
983,0.526367
980,0.52959
978,0.527441
981,0.528516
980,0.527441
979,0.526367
978,0.528516
976,0.526367
980,0.526367
979,0.526367
977,0.527441
977,0.527441
975,0.528516
978,0.526367
977,0.526367
974,0.528516
976,0.528516
975,0.526367
977,0.527441
975,0.526367
972,0.525293
974,0.526367
973,0.528516
975,0.525293
972,0.525293
971,0.527441
974,0.525293
973,0.526367
972,0.526367
971,0.525293
969,0.525293
972,0.526367
972,0.526367
968,0.525293
970,0.526367
969,0.526367
972,0.526367
969,0.526367
967,0.527441
968,0.524219
968,0.526367
969,0.525293
966,0.524219
965,0.526367
968,0.524219
968,0.526367
966,0.525293
966,0.52207
964,0.526367
967,0.525293
965,0.525293
962,0.526367
964,0.526367
964,0.526367
965,0.525293
963,0.526367
961,0.526367
964,0.524219
964,0.524219
962,0.525293
961,0.523145
960,0.524219
963,0.525293
961,0.524219
958,0.525293
961,0.523145
959,0.525293
961,0.525293
959,0.52207
957,0.523145
960,0.524219
960,0.523145
957,0.524219
958,0.524219
956,0.524219
959,0.525293
957,0.525293
954,0.523145
956,0.524219
956,0.524219
957,0.523145
954,0.524219
953,0.52207
956,0.523145
956,0.524219
952,0.52207
954,0.52207
952,0.52207
956,0.52207
952,0.52207
951,0.520996
952,0.523145
953,0.52207
952,0.523145
951,0.524219
949,0.52207
952,0.523145
951,0.525293
948,0.523145
949,0.52207
950,0.520996
950,0.520996
948,0.52207
946,0.524219
950,0.52207
948,0.52207
946,0.525293
947,0.52207
947,0.520996
948,0.52207
946,0.52207
944,0.520996
947,0.524219
946,0.520996
944,0.520996
945,0.52207
943,0.52207
946,0.519922
944,0.523145
942,0.52207
943,0.52207
944,0.519922
943,0.52207
942,0.519922
940,0.52207
944,0.518848
941,0.523145
940,0.52207
941,0.519922
941,0.519922
940,0.523145
940,0.520996
937,0.52207
942,0.520996
939,0.520996
937,0.520996
938,0.52207
939,0.52207
938,0.520996
937,0.52207
935,0.520996
939,0.518848
936,0.52207
935,0.519922
936,0.520996
937,0.520996
935,0.520996
934,0.520996
933,0.519922
937,0.520996
934,0.520996
932,0.520996
934,0.52207
934,0.520996
932,0.52207
933,0.519922
930,0.519922
934,0.520996
932,0.520996
929,0.518848
932,0.52207
931,0.519922
929,0.517773
930,0.519922
929,0.520996
