432,0.612305
434,0.635938
432,0.612305
437,0.588672
437,0.582227
435,0.601563
441,0.613379
438,0.743359
439,0.595117
445,0.585449
440,0.574707
446,0.602637
444,0.621973
444,0.713281
448,0.585449
449,0.583301
449,0.568262
449,0.592969
452,0.61875
450,0.61875
455,0.588672
454,0.589746
456,0.574707
458,0.573633
456,0.600488
461,0.597266
462,0.61875
461,0.46084
463,0.602637
466,0.580078
464,0.57041
470,0.581152
466,0.579004
471,0.601563
470,0.609082
472,0.638086
474,0.599414
477,0.588672
475,0.568262
479,0.580078
477,0.573633
481,0.595117
483,0.582227
482,0.606934
485,0.612305
484,0.617676
489,0.612305
489,0.55752
489,0.59082
492,0.588672
492,0.588672
494,0.584375
497,0.566113
496,0.586523
496,0.585449
500,0.601563
498,0.604785
503,0.59834
503,0.606934
503,0.604785
506,0.605859
506,0.602637
508,0.609082
510,0.656348
510,0.63916
509,0.536035
513,0.600488
514,0.596191
514,0.597266
518,0.592969
515,0.59082
519,0.591895
521,0.587598
519,0.587598
523,0.583301
521,0.584375
524,0.585449
526,0.586523
527,0.586523
527,0.586523
526,0.584375
534,0.595117
530,0.595117
531,0.600488
534,0.601563
534,0.595117
537,0.592969
535,0.597266
539,0.592969
535,0.59082
541,0.588672
544,0.594043
541,0.592969
542,0.588672
542,0.596191
549,0.599414
545,0.592969
548,0.775586
551,0.714355
552,0.625195
552,0.613379
554,0.614453
553,0.612305
560,0.610156
556,0.615527
558,0.617676
560,0.617676
562,0.605859
563,0.61123
563,0.606934
565,0.594043
564,0.614453
571,0.603711
569,0.608008
570,0.608008
570,0.699316
573,0.612305
574,0.613379
575,0.61875
576,0.616602
577,0.621973
580,0.615527
580,0.613379
582,0.614453
581,0.610156
587,0.609082
585,0.71543
588,0.61875
586,0.620898
590,0.623047
590,0.627344
592,0.625195
594,0.641309
595,0.61875
597,0.620898
597,0.624121
597,0.625195
600,0.631641
603,0.638086
600,0.62627
602,0.625195
600,0.62627
606,0.627344
604,0.634863
606,0.634863
605,0.637012
611,0.640234
607,0.642383
612,0.640234
608,0.633789
615,0.63916
610,0.642383
613,0.645605
612,0.64668
614,0.642383
615,0.63916
618,0.641309
616,0.640234
620,0.645605
619,0.649902
621,0.650977
621,0.64668
624,0.648828
624,0.652051
625,0.656348
624,0.653125
627,0.655273
626,0.653125
628,0.619824
629,0.654199
631,0.65957
629,0.65957
632,0.666016
634,0.662793
632,0.658496
634,0.662793
634,0.660645
638,0.65957
639,0.664941
640,0.65957
638,0.664941
643,0.65957
641,0.668164
645,0.668164
642,0.664941
647,0.669238
645,0.672461
648,0.670313
648,0.669238
651,0.673535
650,0.672461
651,0.681055
653,0.762695
654,0.675684
654,0.676758
656,0.683203
656,0.676758
657,0.678906
659,0.678906
657,0.686426
661,0.67998
660,0.67998
662,0.676758
659,0.684277
665,0.686426
661,0.677832
664,0.681055
663,0.67998
668,0.684277
666,0.648828
667,0.67998
668,0.67998
668,0.688574
670,0.624121
668,0.684277
671,0.681055
670,0.685352
675,0.669238
670,0.682129
676,0.678906
672,0.684277
675,0.689648
675,0.683203
677,0.682129
676,0.683203
677,0.685352
677,0.684277
677,0.684277
679,0.683203
680,0.683203
683,0.678906
679,0.682129
684,0.771289
681,0.684277
687,0.683203
684,0.685352
684,0.6875
685,0.686426
687,0.686426
688,0.6875
688,0.685352
690,0.682129
687,0.682129
693,0.683203
691,0.681055
694,0.686426
693,0.619824
692,0.682129
695,0.682129
695,0.683203
696,0.686426
693,0.684277
699,0.6875
696,0.688574
698,0.696094
697,0.684277
698,0
701,0.6875
699,0.688574
703,0.688574
700,0.689648
704,0.685352
701,0.690723
704,0.688574
702,0.686426
705,0.688574
709,0.688574
704,0.674609
708,0.688574
708,0.689648
710,0.67998
708,0.691797
708,0.722949
714,0.681055
711,0.690723
714,0.678906
713,0.676758
717,0.676758
716,0.676758
715,0.671387
719,0.674609
718,0.673535
721,0.669238
720,0.669238
726,0.670313
723,0.662793
722,0.666016
728,0.66709
723,0.661719
728,0.666016
727,0.661719
728,0.662793
730,0.637012
732,0.660645
735,0.660645
732,0.661719
735,0.654199
732,0.661719
736,0.655273
739,0.65957
737,0.684277
742,0.653125
739,0.654199
740,0.653125
746,0.652051
742,0.653125
746,0.649902
744,0.652051
745,0.648828
749,0.645605
746,0.647754
750,0.645605
751,0.645605
749,0.644531
754,0.643457
754,0.640234
755,0.643457
757,0.643457
756,0.641309
760,0.644531
759,0.643457
765,0.63916
760,0.643457
762,0.638086
768,0.63916
763,0.638086
768,0.638086
770,0.634863
772,0.635938
773,0.630566
774,0.638086
776,0.631641
775,0.634863
781,0.632715
779,0.633789
782,0.632715
785,0.633789
783,0.633789
786,0.634863
789,0.634863
788,0.634863
793,0.635938
793,0.635938
795,0.634863
798,0.63916
799,0.633789
801,0.638086
810,0.634863
806,0.638086
810,0.634863
811,0.640234
813,0.637012
819,0.642383
818,0.638086
819,0.641309
828,0.641309
824,0.642383
827,0.642383
835,0.63916
832,0.644531
836,0.642383
842,0.642383
839,0.643457
841,0.643457
851,0.645605
849,0.643457
850,0.644531
857,0.644531
860,0.642383
858,0.647754
863,0.649902
868,0.647754
868,0.652051
871,0.652051
875,0.652051
878,0.64668
881,0.656348
883,0.656348
886,0.658496
889,0.657422
889,0.656348
898,0.65957
898,0.658496
899,0.65957
906,0.662793
906,0.662793
906,0.663867
912,0.661719
916,0.66709
919,0.670313
921,0.673535
922,0.670313
931,0.675684
933,0.67998
930,0.683203
939,0.685352
939,0.684277
947,0.688574
944,0.706836
948,0.693945
952,0.696094
956,0.699316
961,0.703613
964,0.704688
969,0.705762
973,0.710059
972,0.710059
979,0.714355
979,0.717578
981,0.721875
985,0.721875
987,0.725098
994,0.726172
995,0.72832
996,0.724023
1003,0.730469
1003,0.732617
1013,0.73584
1011,0.739063
1013,0.742285
1016,0.744434
1018,0.734766
1025,0.746582
1026,0.74873
1030,0.74873
1033,0.751953
1033,0.75625
1041,0.758398
1041,0.762695
1046,0.764844
1045,0.766992
1052,0.770215
1052,0.771289
1059,0.774512
1060,0.777734
1062,0.780957
1070,0.782031
1069,0.780957
1073,0.783105
1077,0.787402
1079,0.790625
1085,0.658496
1086,0.795996
1089,0.79707
1088,0.795996
1094,0.795996
1097,0.795996
1100,0.79707
1102,0.795996
1110,0.800293
1113,0.805664
1113,0.806738
1122,0.811035
1119,0.809961
1123,0.812109
1132,0.813184
1128,0.811035
1136,0.814258
1133,0.820703
1140,0.820703
1141,0.825
1143,0.825
1148,0.823926
1150,0.823926
1152,0.831445
1152,0.831445
1162,0.83252
1158,0.833594
1168,0.833594
1167,0.838965
1172,0.842188
1178,0.84541
1177,0.846484
1183,0.841113
1181,0.849707
1182,0.854004
1187,0.855078
1190,0.855078
1192,0.856152
1190,0.861523
1199,0.863672
1200,0.866895
1198,0.867969
1201,0.874414
1210,0.876563
1209,0.876563
1208,0.880859
1212,0.884082
1217,0.881934
1220,0.875488
1217,0.891602
1222,0.891602
1221,0.900195
1227,0.894824
1228,0.90127
1233,0.899121
1229,0.89375
1235,0.900195
1234,0.903418
1241,0.902344
1237,0.912012
1239,0.91416
1244,0.913086
1245,0.91416
1248,0.913086
1251,0.91416
1248,0.919531
1250,0.924902
1253,0.918457
1253,0.918457
1254,0.925977
1262,0.923828
1257,0.925977
1262,0.912012
1261,1.01191
1268,0.931348
1265,0.933496
1269,0.933496
1265,0.936719
1276,0.937793
1271,0.929199
1278,0.935645
1277,0.915234
1275,0.917383
1279,0.915234
1279,0.916309
1282,0.899121
1280,0.874414
1280,0.867969
1277,0.859375
1280,0.858301
1279,0.841113
1278,0.835742
1277,0.828223
1277,0.826074
1277,0.826074
1277,0.821777
1275,0.814258
1275,0.818555
1275,0.805664
1273,0.805664
1276,0.807813
1273,0.803516
1274,0.798145
1271,0.793848
1274,0.790625
1273,0.786328
1273,0.786328
1273,0.778809
1272,0.773438
1274,0.772363
1273,0.765918
1269,0.758398
1273,0.768066
1269,0.769141
1272,0.761621
1266,0.757324
1270,0.758398
1271,0.760547
1268,0.751953
1267,0.751953
1273,0.745508
1264,0.740137
1267,0.743359
1264,0.747656
1265,0.743359
1264,0.739063
1265,0.742285
1267,0.744434
1265,0.736914
1263,0.733691
1265,0.721875
1260,0.719727
1262,0.712207
1261,0.713281
1262,0.711133
1258,0.706836
1259,0.701465
1258,0.696094
1258,0.698242
1257,0.696094
1261,0.6875
1256,0.690723
1257,0.686426
1254,0.684277
1256,0.682129
1252,0.683203
1255,0.67998
1252,0.678906
1254,0.67998
1253,0.675684
1252,0.674609
1251,0.671387
1251,0.670313
1251,0.66709
1250,0.664941
1249,0.663867
1250,0.661719
1247,0.660645
1248,0.65957
1246,0.657422
1247,0.657422
1245,0.656348
1247,0.655273
1244,0.655273
1245,0.653125
1244,0.653125
1244,0.653125
1243,0.652051
1246,0.653125
1241,0.654199
1242,0.650977
1241,0.647754
1242,0.647754
1243,0.64668
1241,0.641309
1238,0.641309
1240,0.642383
1238,0.643457
1238,0.668164
1236,0.641309
1239,0.640234
1236,0.634863
1237,0.637012
1235,0.637012
1235,0.638086
1233,0.635938
1236,0.633789
1232,0.632715
1234,0.633789
1232,0.633789
1233,0.632715
1230,0.628418
1232,0.631641
1229,0.630566
1232,0.629492
1229,0.627344
1229,0.628418
1230,0.62627
1230,0.621973
1229,0.62627
1228,0.625195
1226,0.623047
1228,0.623047
1227,0.624121
1229,0.620898
1227,0.623047
1225,0.621973
1228,0.61875
1226,0.620898
1223,0.620898
1225,0.61875
1222,0.619824
1224,0.613379
1224,0.617676
1224,0.616602
1221,0.616602
1222,0.616602
1220,0.614453
1221,0.615527
1220,0.612305
1218,0.614453
1220,0.609082
1218,0.596191
1217,0.610156
1218,0.606934
1217,0.608008
1216,0.610156
1216,0.606934
1215,0.61123
1216,0.608008
1213,0.610156
1215,0.608008
1212,0.608008
1212,0.606934
1214,0.606934
1211,0.605859
1212,0.605859
1211,0.604785
1211,0.604785
1209,0.604785
1211,0.603711
1209,0.604785
1209,0.602637
1208,0.602637
1208,0.603711
1207,0.600488
1207,0.602637
1206,0.601563
1207,0.59834
1206,0.602637
1207,0.601563
1206,0.59834
1205,0.600488
1205,0.600488
1204,0.596191
1203,0.59834
1205,0.599414
1203,0.597266
1202,0.59834
1202,0.59082
1202,0.596191
1201,0.594043
1201,0.596191
1202,0.596191
1199,0.595117
1200,0.594043
1197,0.594043
1200,0.596191
1199,0.594043
1198,0.591895
1197,0.594043
1196,0.596191
1196,0.592969
1197,0.591895
1195,0.592969
1196,0.591895
1194,0.586523
1195,0.59082
1194,0.589746
1194,0.59082
1194,0.587598
1193,0.59082
1194,0.589746
1191,0.587598
1192,0.587598
1192,0.588672
1192,0.588672
1190,0.587598
1191,0.595117
1188,0.588672
1191,0.587598
1189,0.586523
1189,0.584375
1187,0.586523
1187,0.585449
1187,0.586523
1187,0.586523
1187,0.586523
1186,0.585449
1186,0.584375
1185,0.583301
1186,0.582227
1184,0.581152
1184,0.582227
1185,0.582227
1183,0.582227
1183,0.583301
1182,0.581152
1181,0.583301
1182,0.582227
1181,0.582227
1181,0.584375
1179,0.582227
1180,0.581152
1180,0.581152
1179,0.580078
1178,0.580078
1178,0.581152
1179,0.580078
1177,0.580078
1177,0.579004
1176,0.579004
1176,0.579004
1176,0.57793
1174,0.57793
1175,0.57793
1176,0.574707
1174,0.57793
1172,0.57793
1172,0.57793
1173,0.576855
1174,0.576855
1173,0.575781
1172,0.575781
1171,0.575781
1172,0.573633
1171,0.574707
1170,0.574707
1171,0.573633
1169,0.573633
1169,0.574707
1168,0.571484
1169,0.573633
1168,0.573633
1167,0.572559
1167,0.572559
1167,0.57041
1166,0.571484
1165,0.571484
1166,0.572559
1167,0.574707
1163,0.572559
1164,0.571484
1164,0.572559
1163,0.571484
1162,0.57041
1162,0.569336
1162,0.563965
1162,0.569336
1160,0.57041
1161,0.568262
1162,0.568262
1160,0.57041
1160,0.57041
1161,0.568262
1160,0.567188
1157,0.567188
1160,0.568262
1156,0.568262
1157,0.567188
1156,0.57041
1157,0.563965
1155,0.567188
1156,0.567188
1155,0.57041
1155,0.567188
1154,0.567188
1156,0.568262
1154,0.566113
1153,0.563965
1153,0.565039
1152,0.554297
1152,0.565039
1151,0.562891
1153,0.565039
1150,0.563965
1151,0.562891
1149,0.563965
1150,0.563965
1150,0.563965
1150,0.562891
1149,0.563965
1148,0.563965
1147,0.561816
1148,0.563965
1147,0.563965
1146,0.561816
1146,0.562891
1146,0.562891
1145,0.561816
1145,0.561816
1146,0.545703
1144,0.562891
1144,0.561816
1144,0.562891
1141,0.559668
1143,0.559668
1143,0.569336
1140,0.559668
1142,0.559668
1141,0.560742
1141,0.559668
1141,0.559668
1141,0.560742
1139,0.558594
1139,0.559668
1138,0.559668
1137,0.558594
1141,0.558594
1136,0.558594
1137,0.55752
1137,0.558594
1136,0.55752
1137,0.558594
1136,0.55752
1136,0.556445
1135,0.55752
1135,0.554297
1133,0.556445
1135,0.556445
1132,0.556445
1133,0.556445
1134,0.554297
1132,0.560742
1133,0.556445
1131,0.555371
1131,0.555371
1131,0.555371
1130,0.556445
1129,0.554297
1131,0.556445
1127,0.553223
1130,0.555371
1128,0.555371
1129,0.554297
1128,0.553223
1127,0.554297
1128,0.552148
1125,0.552148
1126,0.553223
1125,0.553223
1125,0.553223
1124,0.552148
1125,0.553223
1125,0.552148
1126,0.552148
1123,0.552148
1123,0.553223
1122,0.554297
1121,0.552148
1123,0.552148
1122,0.552148
1120,0.551074
1122,0.552148
1121,0.551074
1119,0.552148
1120,0.55
1117,0.551074
1119,0.551074
1117,0.553223
1117,0.551074
1118,0.55
1117,0.547852
1118,0.55
1117,0.55
1116,0.55
1114,0.55
1115,0.551074
1114,0.551074
1114,0.547852
1114,0.55
1114,0.547852
1114,0.548926
1113,0.548926
1113,0.548926
1112,0.500586
1111,0.547852
1111,0.547852
1110,0.547852
1110,0.547852
1113,0.547852
1110,0.547852
1111,0.547852
1109,0.546777
1108,0.546777
1109,0.540332
1107,0.547852
1108,0.547852
1107,0.547852
1107,0.546777
1108,0.547852
1106,0.546777
1107,0.546777
1104,0.551074
1105,0.547852
1103,0.545703
1105,0.547852
1103,0.544629
1105,0.544629
1105,0.545703
1102,0.543555
1104,0.544629
1100,0.544629
1103,0.544629
1099,0.544629
1103,0.545703
1099,0.544629
1102,0.545703
1101,0.544629
1100,0.544629
1098,0.545703
1098,0.544629
1098,0.544629
1097,0.545703
1098,0.544629
1098,0.544629
1098,0.545703
1097,0.544629
1095,0.54248
1095,0.54248
1095,0.543555
1096,0.543555
1094,0.54248
1095,0.543555
1095,0.54248
1093,0.54248
1094,0.54248
1091,0.543555
1093,0.54248
1091,0.543555
1093,0.543555
1092,0.543555
1092,0.543555
1091,0.543555
1089,0.543555
1090,0.54248
1088,0.543555
1090,0.54248
1088,0.54248
1090,0.541406
1088,0.540332
1089,0.54248
1086,0.541406
1087,0.541406
1086,0.543555
1086,0.54248
1086,0.543555
1087,0.541406
1085,0.541406
1085,0.543555
1082,0.54248
1085,0.541406
1082,0.54248
1085,0.602637
1083,0.543555
1083,0.54248
1083,0.54248
1080,0.54248
1083,0.54248
1079,0.54248
1082,0.540332
1080,0.54248
1082,0.540332
1079,0.541406
1079,0.540332
1079,0.540332
1077,0.541406
1079,0.54248
1077,0.541406
1079,0.54248
1077,0.543555
1077,0.543555
1075,0.541406
1076,0.541406
1075,0.543555
1076,0.54248
1076,0.54248
1075,0.540332
1074,0.54248
1073,0.543555
1073,0.541406
1072,0.54248
1073,0.541406
1074,0.54248
1072,0.54248
1072,0.54248
1071,0.54248
1070,0.54248
1070,0.54248
1070,0.54248
1071,0.541406
1070,0.543555
1069,0.54248
1068,0.54248
1068,0.543555
1068,0.544629
1068,0.54248
1069,0.544629
1067,0.543555
1066,0.543555
1066,0.544629
1065,0.544629
1066,0.543555
1064,0.544629
1067,0.543555
1064,0.543555
1064,0.543555
1064,0.544629
1061,0.544629
1065,0.544629
1062,0.545703
1065,0.544629
1062,0.544629
1060,0.545703
1062,0.546777
1058,0.545703
1063,0.544629
1060,0.548926
1061,0.546777
1060,0.546777
1057,0.545703
1059,0.546777
1057,0.544629
1059,0.545703
1059,0.546777
1057,0.544629
1057,0.545703
1056,0.546777
1056,0.545703
1055,0.545703
1057,0.545703
1056,0.546777
1055,0.545703
1053,0.548926
1053,0.546777
1055,0.547852
1052,0.547852
1056,0.548926
1052,0.548926
1051,0.547852
1053,0.547852
1049,0.55
1053,0.547852
1052,0.548926
1050,0.546777
1051,0.547852
1049,0.548926
1049,0.546777
1050,0.547852
1048,0.547852
1049,0.547852
1047,0.546777
1045,0.548926
1049,0.548926
1046,0.548926
1048,0.548926
1047,0.55
1043,0.547852
1046,0.547852
1044,0.548926
1045,0.548926
1045,0.548926
1045,0.548926
1042,0.547852
1042,0.546777
1044,0.545703
1042,0.545703
1044,0.546777
1042,0.545703
1039,0.547852
1042,0.551074
1039,0.545703
1042,0.546777
1041,0.547852
1040,0.545703
1038,0.545703
1037,0.548926
1040,0.546777
1038,0.546777
1039,0.546777
1039,0.544629
1035,0.547852
1037,0.546777
1036,0.546777
1037,0.545703
1036,0.544629
1036,0.545703
1035,0.544629
1032,0.543555
1036,0.545703
1035,0.544629
1034,0.543555
1033,0.545703
1032,0.545703
1032,0.543555
1032,0.544629
1035,0.545703
1031,0.544629
1030,0.544629
1032,0.546777
1029,0.546777
1031,0.543555
1031,0.543555
1030,0.545703
1028,0.545703
1027,0.544629
1030,0.544629
1029,0.543555
1028,0.543555
1028,0.54248
1026,0.541406
1026,0.543555
1026,0.54248
1028,0.543555
1026,0.543555
1023,0.544629
1027,0.544629
1023,0.54248
1025,0.543555
1025,0.543555
1024,0.544629
1023,0.54248
1020,0.543555
1025,0.543555
1023,0.54248
1022,0.54248
1021,0.54248
1020,0.543555
1022,0.54248
1020,0.541406
1022,0.54248
1020,0.541406
1018,0.541406
1019,0.54248
1018,0.541406
1021,0.540332
1018,0.54248
1016,0.54248
1018,0.541406
1017,0.54248
1018,0.54248
1017,0.541406
1015,0.541406
1016,0.54248
1014,0.540332
1016,0.539258
1016,0.54248
1014,0.540332
1014,0.541406
1011,0.539258
1015,0.541406
1014,0.539258
1013,0.539258
1012,0.541406
1010,0.540332
1013,0.540332
1012,0.540332
1012,0.541406
1009,0.540332
1010,0.537109
1010,0.540332
1010,0.540332
1010,0.539258
1009,0.539258
1008,0.539258
1008,0.539258
1008,0.54248
1009,0.538184
1007,0.539258
1006,0.537109
1006,0.539258
1006,0.540332
1008,0.539258
1006,0.538184
1004,0.538184
1004,0.537109
1004,0.539258
1007,0.538184
1004,0.538184
1002,0.537109
1003,0.539258
1002,0.538184
1005,0.539258
1003,0.538184
1000,0.538184
1001,0.538184
1000,0.537109
1004,0.537109
1001,0.538184
998,0.536035
1000,0.537109
999,0.538184
1002,0.536035
999,0.536035
996,0.536035
998,0.537109
997,0.538184
1000,0.537109
998,0.536035
995,0.536035
996,0.536035
996,0.537109
998,0.538184
996,0.538184
993,0.537109
994,0.536035
994,0.537109
997,0.534961
994,0.537109
992,0.534961
993,0.534961
992,0.534961
994,0.536035
993,0.534961
990,0.534961
992,0.534961
991,0.533887
992,0.534961
990,0.533887
989,0.533887
990,0.534961
990,0.537109
990,0.536035
988,0.534961
987,0.534961
989,0.537109
989,0.534961
988,0.534961
986,0.534961
985,0.536035
988,0.534961
988,0.534961
985,0.534961
986,0.531738
983,0.534961
986,0.532813
985,0.532813
983,0.532813
985,0.533887
982,0.532813
985,0.532813
983,0.533887
981,0.533887
982,0.534961
982,0.533887
984,0.533887
981,0.532813
979,0.533887
981,0.534961
980,0.532813
981,0.533887
979,0.533887
978,0.533887
980,0.532813
979,0.532813
979,0.533887
977,0.531738
975,0.531738
979,0.533887
978,0.532813
976,0.533887
977,0.530664
975,0.532813
977,0.532813
975,0.532813
974,0.533887
974,0.534961
974,0.531738
977,0.532813
973,0.532813
972,0.531738
973,0.532813
973,0.531738
974,0.531738
971,0.531738
970,0.530664
972,0.531738
973,0.530664
971,0.531738
970,0.530664
968,0.531738
972,0.531738
969,0.533887
968,0.531738
969,0.530664
968,0.531738
970,0.531738
968,0.531738
966,0.531738
968,0.531738
967,0.52959
967,0.530664
966,0.52959
963,0.530664
967,0.530664
967,0.530664
964,0.530664
964,0.528516
964,0.52959
966,0.530664
964,0.530664
961,0.52959
963,0.530664
963,0.530664
963,0.52959
961,0.531738
960,0.530664
963,0.52959
962,0.531738
960,0.530664
961,0.52959
959,0.530664
962,0.530664
959,0.528516
958,0.528516
958,0.530664
959,0.530664
959,0.528516
957,0.52959
955,0.528516
959,0.527441
958,0.528516
955,0.528516
956,0.52959
956,0.527441
957,0.527441
955,0.52959
954,0.52959
955,0.528516
955,0.52959
954,0.528516
954,0.527441
951,0.530664
955,0.528516
953,0.52959
951,0.52959
951,0.530664
952,0.526367
953,0.528516
950,0.528516
949,0.525293
952,0.526367
951,0.527441
949,0.527441
949,0.527441
948,0.528516
951,0.528516
948,0.527441
947,0.52959
949,0.527441
948,0.526367
948,0.527441
946,0.528516
945,0.528516
949,0.526367
946,0.526367
944,0.527441
945,0.527441
946,0.525293
945,0.527441
944,0.527441
942,0.525293
946,0.527441
944,0.527441
942,0.524219
942,0.524219
943,0.528516
943,0.526367
941,0.525293
940,0.525293
943,0.526367
941,0.526367
939,0.52959
940,0.528516
941,0.528516
941,0.525293
938,0.525293
937,0.525293
941,0.526367
939,0.526367
936,0.525293
938,0.52207
937,0.528516
939,0.525293
936,0.526367
934,0.525293
938,0.527441
937,0.525293
934,0.524219
935,0.525293
935,0.526367
936,0.526367
933,0.526367
932,0.525293
936,0.526367
934,0.524219
931,0.526367
933,0.526367
933,0.528516
933,0.523145
931,0.526367
930,0.523145
933,0.524219
931,0.525293
929,0.523145
930,0.523145
931,0.525293
929,0.525293
929,0.524219
927,0.525293
931,0.525293
928,0.524219
926,0.524219
928,0.524219
928,0.525293
927,0.525293
926,0.525293
925,0.525293
928,0.525293
925,0.524219
924,0.525293
926,0.524219
926,0.52207
923,0.523145
924,0.525293
924,0.523145
925,0.523145
923,0.524219
921,0.523145
925,0.52207
923,0.528516
920,0.523145
922,0.523145
922,0.524219
921,0.526367
920,0.523145
919,0.524219
922,0.524219
919,0.52207
918,0.52207
920,0.523145
920,0.520996
917,0.524219
918,0.523145
918,0.523145
920,0.523145
916,0.524219
915,0.520996
919,0.523145
917,0.523145
914,0.520996
916,0.52207
916,0.523145
915,0.523145
914,0.524219
914,0.524219
916,0.52207
913,0.520996
912,0.525293
915,0.52207
914,0.520996
911,0.523145
912,0.523145
913,0.519922
911,0.52207
911,0.520996
910,0.52207
913,0.520996
909,0.525293
908,0.52207
912,0.52207
911,0.524219
907,0.52207
909,0.519922
910,0.524219
908,0.520996
907,0.520996
906,0.523145
909,0.523145
906,0.519922
905,0.52207
909,0.523145
907,0.520996
904,0.519922
906,0.520996
906,0.519922
904,0.519922
904,0.518848
903,0.520996
906,0.520996
903,0.519922
901,0.519922
906,0.519922
903,0.520996
900,0.520996
903,0.520996
902,0.520996
900,0.519922
901,0.520996
901,0.520996
902,0.518848
900,0.520996
898,0.520996
902,0.519922
898,0.519922
897,0.519922
900,0.519922
900,0.517773
899,0.519922
898,0.520996
897,0.519922
896,0.520996
895,0.518848
898,0.519922
895,0.520996
895,0.52207
897,0.517773
895,0.520996
893,0.520996
894,0.519922
896,0.519922
892,0.519922
893,0.518848
895,0.519922
892,0.518848
893,0.519922
890,0.517773
894,0.519922
891,0.518848
889,0.517773
894,0.517773
890,0.520996
888,0.519922
891,0.519922
891,0.519922
888,0.517773
889,0.517773
890,0.518848
888,0.519922
887,0.517773
887,0.519922
890,0.52207
887,0.517773
885,0.517773
889,0.517773
885,0.519922
884,0.517773
887,0.518848
887,0.517773
884,0.518848
885,0.517773
885,0.518848
883,0.519922
883,0.518848
885,0.517773
884,0.519922
882,0.519922
882,0.516699
884,0.518848
881,0.518848
881,0.518848
883,0.517773
881,0.518848
878,0.519922
882,0.516699
882,0.517773
879,0.519922
879,0.517773
880,0.517773
878,0.518848
879,0.517773
879,0.517773
879,0.517773
877,0.518848
876,0.516699
879,0.520996
877,0.517773
875,0.517773
878,0.517773
875,0.518848
874,0.517773
878,0
872,0
876,0.517773
873,0.517773
874,0.516699
874,0.516699
871,0.518848
873,0.516699
874,0.515625
872,0.518848
871,0.518848
870,0.515625
874,0.517773
871,0.517773
868,0.515625
872,0.516699
870,0.518848
868,0.517773
872,0.517773
869,0.517773
866,0.518848
870,0.515625
870,0.514551
866,0.516699
868,0.516699
868,0.514551
866,0.515625
867,0.515625
868,0.514551
864,0.518848
866,0.518848
867,0.514551
865,0.516699
864,0.517773
864,0.514551
867,0.514551
863,0.517773
862,0.515625
866,0.515625
863,0.518848
861,0.518848
865,0.515625
861,0.515625
861,0.517773
864,0.516699
861,0.516699
858,0.516699
863,0.515625
862,0.515625
858,0.515625
860,0.516699
861,0.514551
859,0.516699
858,0.516699
860,0.514551
857,0.514551
859,0.516699
858,0.515625
856,0.515625
858,0.516699
858,0.516699
856,0.514551
856,0.515625
857,0.516699
856,0.515625
854,0.515625
855,0.516699
857,0.515625
854,0.514551
853,0.514551
855,0.516699
854,0.514551
852,0.514551
855,0.515625
852,0.515625
851,0.513477
854,0.515625
851,0.513477
854,0.515625
849,0.516699
849,0.515625
854,0.515625
850,0.514551
847,0.515625
852,0.512402
850,0.514551
847,0.512402
849,0.512402
851,0.513477
846,0.514551
848,0.512402
849,0.514551
846,0.515625
847,0.513477
847,0.512402
846,0.515625
846,0.514551
847,0.513477
845,0.512402
845,0.517773
845,0.512402
844,0.515625
845,0.515625
845,0.515625
842,0.511328
844,0.515625
845,0.514551
841,0.515625
843,0.512402
844,0.513477
840,0.513477
842,0.513477
843,0.512402
840,0.516699
841,0.510254
842,0.513477
840,0.515625
839,0.514551
841,0.513477
840,0.515625
838,0.515625
840,0.514551
839,0.512402
837,0.516699
838,0.513477
839,0.514551
836,0.513477
838,0.515625
838,0.512402
836,0.513477
836,0.513477
837,0.513477
835,0.513477
835,0.514551
837,0.514551
834,0.512402
834,0.511328
837,0.513477
832,0.512402
834,0.512402
835,0.514551
832,0.515625
833,0.513477
835,0.513477
830,0.516699
832,0.513477
834,0.515625
830,0.514551
831,0.511328
833,0.512402
829,0.512402
831,0.515625
831,0.511328
829,0.512402
830,0.511328
828,0.511328
829,0.514551
830,0.510254
826,0.511328
830,0.513477
827,0.515625
826,0.512402
829,0.512402
827,0.512402
825,0.512402
828,0.514551
825,0.513477
825,0.512402
827,0.510254
824,0.511328
825,0.513477
826,0.510254
823,0.512402
824,0.512402
825,0.513477
822,0.512402
824,0.515625
824,0.513477
821,0.512402
823,0.512402
823,0.513477
821,0.513477
821,0.513477
822,0.512402
821,0.515625
820,0.511328
821,0.513477
820,0.512402
819,0.512402
821,0.511328
818,0.511328
819,0.511328
821,0.513477
816,0.511328
819,0.512402
819,0.511328
815,0.513477
819,0.512402
818,0.513477
814,0.510254
819,0.510254
815,0.510254
815,0.513477
818,0.513477
814,0.513477
815,0.513477
816,0.513477
814,0.510254
813,0.512402
816,0.513477
813,0.50918
813,0.508105
815,0.511328
812,0.510254
811,0.50918
815,0.50918
810,0.511328
812,0.510254
813,0.511328
809,0.511328
812,0.512402
811,0.507031
809,0.511328
812,0.510254
808,0.511328
811,0.50918
810,0.512402
808,0.510254
809,0.508105
809,0.50918
807,0.507031
809,0.508105
806,0.510254
807,0.50918
808,0.504883
804,0.50918
809,0.50918
805,0.507031
805,0.50918
807,0.510254
804,0.507031
805,0.507031
805,0.50918
805,0.50918
802,0.508105
806,0.511328
803,0.512402
802,0.50918
805,0.510254
800,0.512402
804,0.511328
802,0.510254
801,0.510254
803,0.510254
