0,1.09893
0,0
0,1.09893
0,0
0,1.09893
0,0
0,1.09893
0,0
0,1.09893
0,0
0,1.09893
0,0
0,1.09893
0,0
0,1.09893
0,0
0,1.09893
0,0
0,1.09893
0,0
0,1.09893
0,0
0,1.09893
0,0
0,1.09893
0,0
0,1.09893
0,0
0,1.09893
0,0
0,1.09893
0,0
0,1.09893
0,0
0,1.09893
0,0
0,1.09893
0,0
0,1.09893
0,0
0,1.09893
0,0
0,1.09893
0,0
0,1.09893
0,0
0,1.09893
0,0
0,1.09893
0,0
0,1.09893
0,0
0,1.09893
0,0
0,1.09893
0,0
0,1.09893
0,0
0,1.09893
0,0
0,1.09893
0,0
0,1.09893
0,0
0,1.09893
0,0
0,1.09893
0,0
0,1.09893
0,0
0,1.09893
0,0
0,1.09893
0,0
0,1.09893
0,0
0,1.09893
0,0
0,1.09893
0,0
0,1.09893
0,0
0,1.09893
0,0
0,1.09893
0,0
0,1.09893
0,0
0,1.09893
0,0
0,1.09893
0,0
0,1.09893
0,0
0,1.09893
0,0
0,1.09893
0,0
0,1.09893
0,0
0,1.09893
0,0
0,0
0,1.09893
0,0
0,1.09893
0,0
0,1.09893
0,0
0,1.09893
0,0
0,1.09893
0,0
0,1.09893
0,0
0,1.09893
0,0
0,1.09893
0,0
0,1.09893
0,0
0,1.09893
0,0
0,1.09893
0,0
0,1.09893
0,0
0,1.09893
0,0
0,1.09893
0,0
0,1.09893
0,0
0,1.09893
0,0
0,1.09893
0,0
0,1.09893
0,0
0,1.09893
0,0
0,1.09893
0,0
0,1.09893
0,0
0,1.09893
0,0
0,1.09893
0,0
0,1.09893
0,0
0,1.09893
0,0
1,1.09893
0,0
0,1.09893
1,0
1,1.09893
0,0
1,1.09893
1,0
0,1.09893
0,0
1,1.09893
1,0
1,1.09893
1,0
1,1.09893
1,0
1,1.09893
4,0
5,1.09893
3,0
2,1.09893
2,0
7,1.09893
8,0
7,1.09893
11,0
14,1.09893
19,0
27,1.09893
35,0
43,1.09893
45,0
57,1.09893
81,0
102,1.09893
113,0
119,1.09893
119,0
123,0
140,1.09893
142,0
145,1.09893
137,0
133,1.09893
134,0
142,1.09893
142,0
143,1.09893
145,0
151,1.09893
150,0
145,1.09893
141,0
138,1.09893
144,0
149,1.09893
155,0
151,1.09893
143,0
133,1.09893
136,0
142,1.09893
136,0
129,0
135,1.09893
143,0
163,1.09893
123,0
126,1.09893
137,0
135,1.09893
141,0
140,0
122,1.09893
131,0
136,1.09893
138,0
138,1.09893
116,0
134,1.09893
137,0
142,1.09893
141,0
129,1.09893
132,0
133,0
137,1.09893
137,0
129,1.09893
130,0
149,1.09893
131,0
127,0
130,1.09893
131,0
124,1.09893
127,0
128,1.09893
132,0
130,0
131,1.09893
129,0
130,1.09893
131,0
130,1.09893
129,0
125,1.09893
132,0
130,1.09893
130,0
131,1.09893
129,0
130,1.09893
129,0
131,1.09893
131,0
129,1.09893
132,0
129,1.09893
130,0
130,1.09893
128,0
130,1.09893
129,0
131,1.09893
129,0
130,1.09893
131,0
129,1.09893
130,0
128,1.09893
130,0
129,1.09893
129,0
130,1.09893
129,0
130,1.09893
130,0
129,1.09893
129,0
128,1.09893
129,0
128,1.09893
130,0
129,1.09893
128,0
131,1.09893
128,0
130,1.09893
128,0
128,1.09893
128,0
128,1.09893
130,0
128,1.09893
129,0
130,0
129,1.09893
127,0
128,1.09893
128,0
128,1.09893
129,0
127,1.09893
129,0
129,1.09893
128,0
128,1.09893
127,0
127,0
128,1.09893
129,0
127,1.09893
130,0
127,0
128,1.09893
126,0
128,1.09893
126,0
127,0
127,1.09893
129,0
127,1.09893
128,0
126,0
128,1.09893
126,0
127,0
127,1.09893
128,0
127,0
126,1.09893
126,0
127,1.09893
126,0
128,1.09893
127,0
127,1.09893
127,0
128,0
125,0
127,1.09893
126,0
127,1.09893
126,0
127,1.09893
127,0
126,0.0139648
125,1.09893
126,0.024707
126,1.09893
126,0
125,0
127,1.09893
126,0.0150391
126,1.09893
126,0.0214844
125,0
125,1.09893
125,0.0193359
127,1.09893
125,0
127,1.09893
126,0
126,0.0171875
124,1.09893
125,0
125,1.09893
125,0
127,0
126,1.09893
126,0.0182617
124,1.09893
126,0
124,1.09893
125,0
125,0
126,1.09893
124,0.0161133
126,1.09893
125,0.0268555
125,1.09893
125,0
123,0
124,1.09893
124,0
126,1.09893
123,0.0322266
126,1.09893
125,0
124,0
123,1.09893
124,0
124,1.09893
124,0.00537109
125,1.09893
123,0
125,0.00214844
124,1.09893
124,0.0547852
123,0
123,1.09893
123,0.0418945
126,0
125,1.09893
124,0.0483398
124,1.09893
124,0
123,0.0537109
124,1.09893
123,0.0182617
124,0
124,1.09893
124,0.059082
123,1.09893
124,0.0128906
122,0
123,1.09893
122,0
123,0.0279297
123,1.09893
124,0.0257813
122,1.09893
124,0.0290039
122,1.09893
122,0
122,0.0268555
123,1.09893
123,0.0708984
123,0
122,1.09893
122,0.0816406
123,1.09893
121,0.034375
123,1.09893
121,0
123,0.0333008
121,1.09893
124,0.0322266
122,1.09893
122,0.0386719
123,0
123,1.09893
121,0.0408203
122,0
121,1.09893
123,0
121,0.0902344
123,1.09893
120,0.0537109
121,0
121,1.09893
123,0.0923828
121,0
123,1.09893
121,0.0956055
122,1.09893
120,0.103125
121,0
121,1.09893
122,0.059082
121,1.09893
121,0
121,0.0676758
121,1.09893
121,0.0676758
119,1.09893
121,0
120,0.112793
122,1.09893
120,0.0719727
122,0
120,1.09893
121,0.11709
119,0
120,1.09893
120,0
120,0.127832
120,1.09893
121,0
121,0.12998
119,0
121,1.09893
119,0.0902344
121,1.09893
120,0.0923828
119,1.09893
121,0
120,0.0956055
120,0
120,1.09893
119,0.0999023
119,0
119,1.09893
120,0.102051
120,0
120,1.09893
119,0.149316
118,0
118,1.09893
120,0
118,0.112793
121,1.09893
119,0
119,0.11709
118,1.09893
119,0
119,0.11709
120,0
119,1.09893
120,0.121387
118,0
118,1.09893
118,0
117,0.127832
119,0
118,1.09893
119,0.174023
119,0
119,1.09893
116,0.183691
119,0
117,1.09893
120,0
118,0.180469
119,0
118,1.09893
117,0
118,0.151465
117,0
119,1.09893
116,0
118,0.152539
117,0
116,0
117,1.09893
117,0
117,0
119,0.20625
116,1.09893
118,0
115,0.21377
